// SR1 Audio Analyzer: 10/23/2024 9:44:49 AM

// Series: A1:FFT1:Power Spectrum A
// Units: Hz,V/rtHz
0,2.55108889928068E-8
0.48828125,2.55817080935562E-8
0.9765625,2.27214131725081E-8
1.46484375,1.78554503164717E-8
1.953125,1.40808586257274E-8
2.44140625,1.15574609856303E-8
2.9296875,1.07873652852545E-8
3.41796875,1.07032341213561E-8
3.90625,1.06783513148306E-8
4.39453125,1.04603522407028E-8
4.8828125,9.89896425637467E-9
5.37109375,9.44740169560097E-9
5.859375,9.05766226254217E-9
6.34765625,9.22504922065134E-9
6.8359375,9.46302407899658E-9
7.32421875,8.75563408172698E-9
7.8125,8.46411397956311E-9
8.30078125,8.79130299233633E-9
8.7890625,8.68921134827177E-9
9.27734375,8.62860524599587E-9
9.765625,8.6168263339684E-9
10.25390625,8.08611273459162E-9
10.7421875,7.29491173742462E-9
11.23046875,6.61787605576836E-9
11.71875,6.36609221219044E-9
12.20703125,6.92610969320188E-9
12.6953125,7.64750598809687E-9
13.18359375,8.46231351518372E-9
13.671875,1.03825522002239E-8
14.16015625,1.15115708161157E-8
14.6484375,9.89437155953189E-9
15.13671875,7.55847109011329E-9
15.625,6.76794162609264E-9
16.11328125,7.18060003972108E-9
16.6015625,7.62006042841919E-9
17.08984375,7.58543539931051E-9
17.578125,7.26638850167148E-9
18.06640625,6.94872227341098E-9
18.5546875,7.13669599298964E-9
19.04296875,7.87604717642942E-9
19.53125,8.32472810424498E-9
20.01953125,8.23575888197114E-9
20.5078125,8.0458037206258E-9
20.99609375,7.94831506741579E-9
21.484375,7.61187582099244E-9
21.97265625,7.23563752540654E-9
22.4609375,7.49231555664679E-9
22.94921875,8.25634918488665E-9
23.4375,8.6068529677229E-9
23.92578125,7.92049589447323E-9
24.4140625,7.32235287120543E-9
24.90234375,7.25119315483135E-9
25.390625,6.82820375044066E-9
25.87890625,6.21991944572253E-9
26.3671875,6.01699635426402E-9
26.85546875,8.10393087780996E-9
27.34375,1.98185318907948E-8
27.83203125,3.95993516491628E-8
28.3203125,5.1080138524893E-8
28.80859375,4.23833794997687E-8
29.296875,2.29727298404518E-8
29.78515625,1.04995553712814E-8
30.2734375,7.6517013245159E-9
30.76171875,6.57288106988602E-9
31.25,6.44310097416295E-9
31.73828125,7.23506617788509E-9
32.2265625,8.05149424555105E-9
32.71484375,8.04161142365212E-9
33.203125,7.34597742554545E-9
33.69140625,7.01292568703302E-9
34.1796875,7.24916419008367E-9
34.66796875,7.13334904830826E-9
35.15625,8.22251373762822E-9
35.64453125,1.12658094926205E-8
36.1328125,1.2284368715173E-8
36.62109375,1.0109352358419E-8
37.109375,7.8266587078542E-9
37.59765625,7.41418623536928E-9
38.0859375,7.74245313410307E-9
38.57421875,7.25904827091735E-9
39.0625,6.14952801314229E-9
39.55078125,6.06903194719573E-9
40.0390625,6.67792899392707E-9
40.52734375,6.54318729644168E-9
41.015625,5.86811034114919E-9
41.50390625,5.70679391911285E-9
41.9921875,6.06934209992048E-9
42.48046875,6.43503635383908E-9
42.96875,6.30872041320004E-9
43.45703125,5.8895982357685E-9
43.9453125,6.39469905577838E-9
44.43359375,7.89505607319272E-9
44.921875,8.52825192931442E-9
45.41015625,8.19250253646604E-9
45.8984375,8.93928974829466E-9
46.38671875,1.14103361256023E-8
46.875,1.20790851823327E-8
47.36328125,9.58429196786628E-9
47.8515625,7.61046967283324E-9
48.33984375,8.00974153779736E-9
48.828125,8.21686677440397E-9
49.31640625,7.502768872934E-9
49.8046875,6.76768145490178E-9
50.29296875,6.66895632897803E-9
50.78125,7.44981569038711E-9
51.26953125,8.30263207948844E-9
51.7578125,8.00892325644213E-9
52.24609375,6.98631275289396E-9
52.734375,6.30346052196923E-9
53.22265625,6.17824064261886E-9
53.7109375,6.09801910306925E-9
54.19921875,6.22367877471978E-9
54.6875,7.54088126014636E-9
55.17578125,9.3548245608629E-9
55.6640625,9.99429316973948E-9
56.15234375,9.87769660545712E-9
56.640625,9.95507152751589E-9
57.12890625,8.97071365410776E-9
57.6171875,7.4314790748965E-9
58.10546875,6.62622816906839E-9
58.59375,5.96680420095403E-9
59.08203125,6.35647175754736E-9
59.5703125,8.70943403541826E-9
60.05859375,9.91658760769806E-9
60.546875,8.72122963586981E-9
61.03515625,7.29142084351982E-9
61.5234375,6.73008938333945E-9
62.01171875,6.24851304881706E-9
62.5,6.01074184407876E-9
62.98828125,7.77551361150687E-9
63.4765625,1.21716018045945E-8
63.96484375,1.48388301651583E-8
64.453125,1.27635613675473E-8
64.94140625,8.8547975050654E-9
65.4296875,6.95231191862114E-9
65.91796875,6.60784472799113E-9
66.40625,6.69920588733866E-9
66.89453125,6.63337272766351E-9
67.3828125,6.33004998200181E-9
67.87109375,6.04920963692408E-9
68.359375,6.14308270435081E-9
68.84765625,6.5256580338379E-9
69.3359375,7.04739154779589E-9
69.82421875,7.53858204998865E-9
70.3125,7.42105996344139E-9
70.80078125,6.70319053155543E-9
71.2890625,6.21479677309514E-9
71.77734375,6.86015743756068E-9
72.265625,7.9721694855484E-9
72.75390625,7.91699330667452E-9
73.2421875,7.07827242642478E-9
73.73046875,6.65596347899754E-9
74.21875,6.5589948902456E-9
74.70703125,6.54949831645387E-9
75.1953125,6.23935931220523E-9
75.68359375,5.65023411539132E-9
76.171875,5.32035121040854E-9
76.66015625,5.40807305182477E-9
77.1484375,5.35374185689155E-9
77.63671875,5.39209223467899E-9
78.125,5.9632907194833E-9
78.61328125,6.67235443622537E-9
79.1015625,6.50335526914966E-9
79.58984375,5.62988414036407E-9
80.078125,5.27119335931533E-9
80.56640625,5.59425885444423E-9
81.0546875,5.9083420808489E-9
81.54296875,5.91426475232202E-9
82.03125,5.93270252262793E-9
82.51953125,6.55065701413163E-9
83.0078125,7.47689638461422E-9
83.49609375,8.2184008881095E-9
83.984375,1.05042555377422E-8
84.47265625,1.69465419990155E-8
84.9609375,2.22388237652739E-8
85.44921875,1.98688005821999E-8
85.9375,1.21734213989787E-8
86.42578125,6.83600876337289E-9
86.9140625,5.66361814863383E-9
87.40234375,5.03165476889011E-9
87.890625,4.53981955138006E-9
88.37890625,4.96136898171522E-9
88.8671875,5.83844517393726E-9
89.35546875,6.40619735464069E-9
89.84375,6.57109454211512E-9
90.33203125,6.37219219089954E-9
90.8203125,5.79301632795773E-9
91.30859375,5.19512617063045E-9
91.796875,4.95812008150896E-9
92.28515625,4.95877830338618E-9
92.7734375,5.28715836147865E-9
93.26171875,6.11203968327222E-9
93.75,6.38074330165091E-9
94.23828125,5.81553493500769E-9
94.7265625,5.29039957521247E-9
95.21484375,5.1209395971593E-9
95.703125,5.30221283209302E-9
96.19140625,5.55213674372301E-9
96.6796875,5.88760985087979E-9
97.16796875,6.5131010824956E-9
97.65625,7.02443407040428E-9
98.14453125,7.00692273563225E-9
98.6328125,6.78794982563791E-9
99.12109375,7.71921915096546E-9
99.609375,1.05596914635534E-8
100.09765625,1.18021800043584E-8
100.5859375,9.50456316354728E-9
101.07421875,6.84230211320552E-9
101.5625,6.13183781826724E-9
102.05078125,6.19572907505248E-9
102.5390625,6.34626845241211E-9
103.02734375,6.27794039443423E-9
103.515625,5.9838150874975E-9
104.00390625,5.60209774474311E-9
104.4921875,5.26760023169616E-9
104.98046875,5.07864526207438E-9
105.46875,5.38000528996606E-9
105.95703125,5.9341734698292E-9
106.4453125,6.1945065888512E-9
106.93359375,6.3070014365989E-9
107.421875,6.50632541803918E-9
107.91015625,6.51753149260627E-9
108.3984375,6.32778191738522E-9
108.88671875,6.19162534357298E-9
109.375,5.97033622506679E-9
109.86328125,5.87473814050509E-9
110.3515625,6.16601510236986E-9
110.83984375,6.27309092072996E-9
111.328125,5.96469395361942E-9
111.81640625,5.52988144795981E-9
112.3046875,5.58791654161223E-9
112.79296875,6.79385927033137E-9
113.28125,7.75168709021887E-9
113.76953125,7.06960605834058E-9
114.2578125,5.54191773500552E-9
114.74609375,4.95580807895861E-9
115.234375,5.16518434674027E-9
115.72265625,5.07492244790918E-9
116.2109375,5.0717072967364E-9
116.69921875,5.49427535350058E-9
117.1875,5.77057307478646E-9
117.67578125,5.69976780897156E-9
118.1640625,5.46312824725411E-9
118.65234375,5.23093284975292E-9
119.140625,5.2533420127876E-9
119.62890625,5.36606104040323E-9
120.1171875,5.46295207643643E-9
120.60546875,5.92294598286743E-9
121.09375,6.43374230780087E-9
121.58203125,6.28603317982964E-9
122.0703125,5.69083313600166E-9
122.55859375,5.27275133410663E-9
123.046875,5.25926948389509E-9
123.53515625,5.48094204397975E-9
124.0234375,5.78575996184107E-9
124.51171875,5.85342243349738E-9
125,5.60206009029702E-9
125.48828125,5.44478940435493E-9
125.9765625,5.50795006807903E-9
126.46484375,5.75936189082316E-9
126.953125,6.14074319884626E-9
127.44140625,6.92322061348315E-9
127.9296875,7.63073689944202E-9
128.41796875,7.08155728025736E-9
128.90625,5.85908935262718E-9
129.39453125,5.41130329189687E-9
129.8828125,5.40944022931265E-9
130.37109375,5.12454894296744E-9
130.859375,5.18961039640561E-9
131.34765625,5.69407610570861E-9
131.8359375,6.0649801620976E-9
132.32421875,6.20785220751592E-9
132.8125,6.0397545750071E-9
133.30078125,5.78559108318889E-9
133.7890625,5.59764753768756E-9
134.27734375,5.49975352787193E-9
134.765625,5.43542888089271E-9
135.25390625,5.67026563800057E-9
135.7421875,6.42921086769345E-9
136.23046875,6.77995898963346E-9
136.71875,6.19683761655547E-9
137.20703125,5.27392916531209E-9
137.6953125,4.92466865590186E-9
138.18359375,5.31242196321822E-9
138.671875,5.59224875820475E-9
139.16015625,6.18186868528907E-9
139.6484375,7.90117332763008E-9
140.13671875,9.43476884082382E-9
140.625,9.66086989057269E-9
141.11328125,1.16973175592116E-8
141.6015625,1.52636291014822E-8
142.08984375,1.44213211922554E-8
142.578125,9.53032863127488E-9
143.06640625,6.27934283358661E-9
143.5546875,5.57343327643073E-9
144.04296875,5.25316828769755E-9
144.53125,5.42545013816417E-9
145.01953125,5.92222078623977E-9
145.5078125,6.12383907747519E-9
145.99609375,5.85116940088727E-9
146.484375,5.66262614689579E-9
146.97265625,5.68111426353098E-9
147.4609375,5.68672414487092E-9
147.94921875,5.46107766400418E-9
148.4375,5.0157731196681E-9
148.92578125,4.85772580448232E-9
149.4140625,5.03326564373299E-9
149.90234375,5.09037467642822E-9
150.390625,5.34001597142981E-9
150.87890625,5.86074849327822E-9
151.3671875,5.9547199682778E-9
151.85546875,5.74012444032751E-9
152.34375,5.53586634568343E-9
152.83203125,5.38164037231005E-9
153.3203125,5.37863607755325E-9
153.80859375,5.37655000013025E-9
154.296875,5.19919006195037E-9
154.78515625,4.96047899470288E-9
155.2734375,5.10980099074806E-9
155.76171875,5.65318658169406E-9
156.25,5.94035767980968E-9
156.73828125,5.79612352649866E-9
157.2265625,5.68417413544835E-9
157.71484375,5.63913775397525E-9
158.203125,5.52497962618158E-9
158.69140625,5.54612608678654E-9
159.1796875,5.62775792324837E-9
159.66796875,5.55419221494445E-9
160.15625,5.53175929267074E-9
160.64453125,5.69854997724247E-9
161.1328125,5.81923429482159E-9
161.62109375,5.82477855201187E-9
162.109375,5.67394327417805E-9
162.59765625,5.46177236317865E-9
163.0859375,5.77868207493844E-9
163.57421875,6.31845414723064E-9
164.0625,6.00322499974712E-9
164.55078125,5.52077744354282E-9
165.0390625,5.63628370954723E-9
165.52734375,5.75040543179281E-9
166.015625,5.8862937593913E-9
166.50390625,6.18346775162487E-9
166.9921875,6.25392737191616E-9
167.48046875,5.94924091306536E-9
167.96875,5.3701649737939E-9
168.45703125,4.86878053337524E-9
168.9453125,4.88539585890399E-9
169.43359375,5.53340009706874E-9
169.921875,6.3848668109775E-9
170.41015625,6.59723440027382E-9
170.8984375,5.85675120920424E-9
171.38671875,5.17846447914886E-9
171.875,5.39996851647867E-9
172.36328125,5.82011100876026E-9
172.8515625,5.72092626036819E-9
173.33984375,5.3252430554212E-9
173.828125,5.42985208741367E-9
174.31640625,5.78319941453536E-9
174.8046875,5.67531764351045E-9
175.29296875,5.58974842127795E-9
175.78125,5.69612536258348E-9
176.26953125,5.40017034223364E-9
176.7578125,5.06988066832105E-9
177.24609375,5.22255511242438E-9
177.734375,5.36927181195638E-9
178.22265625,5.41557554359036E-9
178.7109375,6.19760962492148E-9
179.19921875,8.25584705672005E-9
179.6875,1.08108666479864E-8
180.17578125,1.12152285256101E-8
180.6640625,8.64273895389222E-9
181.15234375,6.05861077429794E-9
181.640625,5.12846281831412E-9
182.12890625,4.88154892522772E-9
182.6171875,4.941727490343E-9
183.10546875,5.30595617869039E-9
183.59375,6.01164545610077E-9
184.08203125,6.42269612530149E-9
184.5703125,6.45616574944915E-9
185.05859375,6.24071925048548E-9
185.546875,5.93163031353269E-9
186.03515625,5.91011752261049E-9
186.5234375,6.02734584182337E-9
187.01171875,5.97031610549244E-9
187.5,5.87020490062093E-9
187.98828125,5.64420931619622E-9
188.4765625,5.142849071812E-9
188.96484375,4.71808709449486E-9
189.453125,4.8053968025429E-9
189.94140625,5.13680807968059E-9
190.4296875,5.3590602755351E-9
190.91796875,5.81848710847101E-9
191.40625,6.50754267693897E-9
191.89453125,6.79755634092643E-9
192.3828125,6.28161183049041E-9
192.87109375,5.65473645626987E-9
193.359375,5.46247233744998E-9
193.84765625,5.47883583074365E-9
194.3359375,5.65449656699953E-9
194.82421875,5.65492478553147E-9
195.3125,5.43696646726337E-9
195.80078125,5.42026767179525E-9
196.2890625,5.35386607828065E-9
196.77734375,4.97174294543377E-9
197.265625,5.1835707714314E-9
197.75390625,7.84888416444108E-9
198.2421875,1.1589697182043E-8
198.73046875,1.23030377877179E-8
199.21875,9.94905365096153E-9
199.70703125,8.66533908466197E-9
200.1953125,8.42058330823216E-9
200.68359375,7.22346344740975E-9
201.171875,5.88693106410471E-9
201.66015625,5.21342020504927E-9
202.1484375,5.18879089525786E-9
202.63671875,5.31761835133098E-9
203.125,5.34045459409123E-9
203.61328125,5.42586565555655E-9
204.1015625,5.65144862085577E-9
204.58984375,5.81784583127643E-9
205.078125,5.74863009924367E-9
205.56640625,5.52939267999104E-9
206.0546875,5.31168980509711E-9
206.54296875,4.80086258846008E-9
207.03125,4.17002251117347E-9
207.51953125,4.37442105466051E-9
208.0078125,5.26923599931875E-9
208.49609375,5.91081942114845E-9
208.984375,5.86718287543858E-9
209.47265625,5.40418467360918E-9
209.9609375,5.0742697652501E-9
210.44921875,5.09390617879564E-9
210.9375,5.06119698949518E-9
211.42578125,5.06208807876023E-9
211.9140625,5.34984054997618E-9
212.40234375,5.51561071308368E-9
212.890625,5.41958468097816E-9
213.37890625,5.37729212406122E-9
213.8671875,5.6177176776998E-9
214.35546875,5.99199634915512E-9
214.84375,6.06261462525438E-9
215.33203125,5.64373252592782E-9
215.8203125,5.30040704980172E-9
216.30859375,5.66223136722866E-9
216.796875,6.31319354840573E-9
217.28515625,6.6499103472519E-9
217.7734375,6.56815658154797E-9
218.26171875,6.0976328125819E-9
218.75,5.5953711028014E-9
219.23828125,5.51404431483853E-9
219.7265625,5.79127252310473E-9
220.21484375,5.92906259496473E-9
220.703125,5.98915685227953E-9
221.19140625,6.11782214440066E-9
221.6796875,5.86069175477581E-9
222.16796875,5.17262197772168E-9
222.65625,4.80897583024683E-9
223.14453125,5.17459719926124E-9
223.6328125,5.61993345073715E-9
224.12109375,6.04109130857558E-9
224.609375,6.35681581813464E-9
225.09765625,6.29630222387256E-9
225.5859375,5.91386522059852E-9
226.07421875,5.90115528878665E-9
226.5625,6.61352283451791E-9
227.05078125,6.60529814485975E-9
227.5390625,5.89645827096774E-9
228.02734375,5.92777127561139E-9
228.515625,6.41691742074477E-9
229.00390625,6.53284284311255E-9
229.4921875,6.21596742916423E-9
229.98046875,5.64137679331736E-9
230.46875,5.25109569185138E-9
230.95703125,5.23956475686234E-9
231.4453125,5.36412655467842E-9
231.93359375,5.76303579580568E-9
232.421875,6.24444470984096E-9
232.91015625,7.00585288231261E-9
233.3984375,8.20160773303159E-9
233.88671875,8.59120113450456E-9
234.375,7.53176811998109E-9
234.86328125,6.31858560028964E-9
235.3515625,6.07559101601647E-9
235.83984375,6.19356035605345E-9
236.328125,6.10666004061389E-9
236.81640625,5.93930905051009E-9
237.3046875,6.17091857494884E-9
237.79296875,6.62931341522679E-9
238.28125,6.54819892675781E-9
238.76953125,5.99163867402649E-9
239.2578125,5.56390952704909E-9
239.74609375,5.61075964790579E-9
240.234375,5.88129794602183E-9
240.72265625,6.21252883924092E-9
241.2109375,6.71086699323715E-9
241.69921875,6.77149600875474E-9
242.1875,6.25051950811764E-9
242.67578125,5.78187551831027E-9
243.1640625,5.33105073921633E-9
243.65234375,5.11924843202052E-9
244.140625,5.47868262487532E-9
244.62890625,6.04855092290131E-9
245.1171875,6.38922243994082E-9
245.60546875,6.39561026209309E-9
246.09375,6.04260496226516E-9
246.58203125,5.47025692455766E-9
247.0703125,5.36631518845318E-9
247.55859375,6.20462397053407E-9
248.046875,7.08015629316983E-9
248.53515625,7.11423386056668E-9
249.0234375,6.50021339378603E-9
249.51171875,6.11975200782048E-9
250,6.35144399798292E-9
250.48828125,6.5457325311765E-9
250.9765625,6.50688781229656E-9
251.46484375,6.49252951059535E-9
251.953125,6.70814769968498E-9
252.44140625,6.81611928710379E-9
252.9296875,6.62179217168219E-9
253.41796875,6.47892625957845E-9
253.90625,6.81497992986803E-9
254.39453125,8.51687052619322E-9
254.8828125,1.10744563216031E-8
255.37109375,1.18708734833294E-8
255.859375,9.95675300929108E-9
256.34765625,7.39208219591382E-9
256.8359375,6.3975646343579E-9
257.32421875,6.54420765803069E-9
257.8125,6.62588129573129E-9
258.30078125,6.91693650531187E-9
258.7890625,7.07929429597452E-9
259.27734375,6.64455457607297E-9
259.765625,6.20739534770173E-9
260.25390625,6.15686148192932E-9
260.7421875,6.28208591185969E-9
261.23046875,6.39214066199205E-9
261.71875,6.39625613665933E-9
262.20703125,6.46720822105238E-9
262.6953125,6.6254085990695E-9
263.18359375,6.66969301798959E-9
263.671875,6.63312825842672E-9
264.16015625,6.6472108533527E-9
264.6484375,6.68939572494006E-9
265.13671875,6.72781051408134E-9
265.625,6.81661486203204E-9
266.11328125,6.70611498747143E-9
266.6015625,6.41139375294072E-9
267.08984375,5.94608685217128E-9
267.578125,5.44236101761526E-9
268.06640625,5.35138986227446E-9
268.5546875,5.35549081472764E-9
269.04296875,5.67202288483581E-9
269.53125,6.25856512754169E-9
270.01953125,6.49598134701005E-9
270.5078125,6.61945477460381E-9
270.99609375,6.76266741788857E-9
271.484375,6.74165991412026E-9
271.97265625,6.4811048159675E-9
272.4609375,6.1234991507145E-9
272.94921875,6.12903275420535E-9
273.4375,6.27670801454649E-9
273.92578125,6.61935452509229E-9
274.4140625,7.4264642611621E-9
274.90234375,8.08866705470476E-9
275.390625,7.71794074830635E-9
275.87890625,6.40079420031033E-9
276.3671875,5.53296962165198E-9
276.85546875,6.16948389093272E-9
277.34375,7.22632067125051E-9
277.83203125,7.24024471966966E-9
278.3203125,6.43154246973916E-9
278.80859375,6.53604882185374E-9
279.296875,7.59025949484941E-9
279.78515625,7.86248969733241E-9
280.2734375,7.29748525193018E-9
280.76171875,7.33230651149079E-9
281.25,7.71698370558945E-9
281.73828125,7.60641914544781E-9
282.2265625,7.52337102596461E-9
282.71484375,7.63301103762144E-9
283.203125,7.85757807328435E-9
283.69140625,8.0139168729859E-9
284.1796875,7.48810526034263E-9
284.66796875,7.1471963843083E-9
285.15625,7.69693064154981E-9
285.64453125,7.83335263919142E-9
286.1328125,6.90276690131702E-9
286.62109375,6.44243683055523E-9
287.109375,7.03370469501193E-9
287.59765625,7.32384673963738E-9
288.0859375,7.31104615937451E-9
288.57421875,7.41713825955561E-9
289.0625,7.31839989106835E-9
289.55078125,7.03721726929649E-9
290.0390625,7.02242553248655E-9
290.52734375,6.84023409868266E-9
291.015625,6.63255271532616E-9
291.50390625,7.36417723764572E-9
291.9921875,8.36099067570828E-9
292.48046875,8.48107272242992E-9
292.96875,8.01899141159325E-9
293.45703125,7.96886939417256E-9
293.9453125,7.96267941621324E-9
294.43359375,7.82175979319285E-9
294.921875,8.13093079526853E-9
295.41015625,8.38622409552734E-9
295.8984375,8.12860241101881E-9
296.38671875,7.73522074800328E-9
296.875,7.29644174077682E-9
297.36328125,6.64632422311956E-9
297.8515625,6.14165463629095E-9
298.33984375,6.31386896676935E-9
298.828125,6.95851966136043E-9
299.31640625,7.97923667130327E-9
299.8046875,9.01807288213444E-9
300.29296875,8.77521727345059E-9
300.78125,7.71577859683779E-9
301.26953125,6.82521141544426E-9
301.7578125,6.1060881330526E-9
302.24609375,5.90524233156259E-9
302.734375,6.28312256328526E-9
303.22265625,6.55521266059569E-9
303.7109375,6.50796271011346E-9
304.19921875,6.61861488905747E-9
304.6875,6.56695858861329E-9
305.17578125,5.98195842370904E-9
305.6640625,5.63517615696328E-9
306.15234375,5.99836711504371E-9
306.640625,6.1441342255995E-9
307.12890625,6.17166368131659E-9
307.6171875,6.63330780175302E-9
308.10546875,7.21751951025933E-9
308.59375,7.42598176767075E-9
309.08203125,7.09577902947296E-9
309.5703125,6.65729288467817E-9
310.05859375,6.37454832539638E-9
310.546875,6.27703567712139E-9
311.03515625,7.14620431324502E-9
311.5234375,8.99861904389691E-9
312.01171875,9.53804562086843E-9
312.5,7.65405918593113E-9
312.98828125,5.85812745088788E-9
313.4765625,6.00659220879741E-9
313.96484375,6.51661440552741E-9
314.453125,6.59272490062528E-9
314.94140625,6.11006159198204E-9
315.4296875,5.77116452434786E-9
315.91796875,5.92153310304548E-9
316.40625,5.72484515071682E-9
316.89453125,5.23445151970301E-9
317.3828125,5.44349084735861E-9
317.87109375,6.0842669362131E-9
318.359375,6.13727487407867E-9
318.84765625,5.90991675240086E-9
319.3359375,6.28085457860279E-9
319.82421875,6.68715293359017E-9
320.3125,6.45187574820007E-9
320.80078125,6.16299931670118E-9
321.2890625,6.1893964912374E-9
321.77734375,6.13984069239595E-9
322.265625,6.03132187199296E-9
322.75390625,6.02048117031385E-9
323.2421875,5.76802280144906E-9
323.73046875,5.41760008669664E-9
324.21875,5.652104630388E-9
324.70703125,5.86376284250796E-9
325.1953125,5.63269643582383E-9
325.68359375,5.83060169688267E-9
326.171875,6.91151551299873E-9
326.66015625,8.60032674164541E-9
327.1484375,9.62364291476717E-9
327.63671875,8.68271868191326E-9
328.125,6.99866722979109E-9
328.61328125,6.30129075531087E-9
329.1015625,6.02056341077282E-9
329.58984375,5.56519709556637E-9
330.078125,5.56463903661299E-9
330.56640625,6.08495572807878E-9
331.0546875,6.16006885329944E-9
331.54296875,6.17839618063182E-9
332.03125,6.66132173246738E-9
332.51953125,6.91065643360505E-9
333.0078125,6.58389532594719E-9
333.49609375,5.94711802939764E-9
333.984375,5.40933569901956E-9
334.47265625,5.18139315457996E-9
334.9609375,5.15462450096362E-9
335.44921875,5.43711572956793E-9
335.9375,5.96932157421656E-9
336.42578125,6.29611656029173E-9
336.9140625,6.0490471446519E-9
337.40234375,5.48137232938246E-9
337.890625,5.05551539213103E-9
338.37890625,4.85085840839175E-9
338.8671875,5.38316093959518E-9
339.35546875,6.30272239703093E-9
339.84375,6.78347079618873E-9
340.33203125,6.64997445021417E-9
340.8203125,6.20375838441632E-9
341.30859375,5.83634247938399E-9
341.796875,5.51718250789513E-9
342.28515625,5.42857856109009E-9
342.7734375,5.50815511785231E-9
343.26171875,5.49238335949822E-9
343.75,5.53381995042323E-9
344.23828125,5.71764676663193E-9
344.7265625,5.88885500219318E-9
345.21484375,5.9565666777522E-9
345.703125,5.97196102490708E-9
346.19140625,5.78799492426511E-9
346.6796875,5.60443548562485E-9
347.16796875,5.8495433544061E-9
347.65625,6.03567051528023E-9
348.14453125,5.91150017319145E-9
348.6328125,6.04433805801204E-9
349.12109375,6.20035602265422E-9
349.609375,6.00058050349934E-9
350.09765625,5.92604265171757E-9
350.5859375,6.18868476481627E-9
351.07421875,6.32041035922886E-9
351.5625,6.22996945767917E-9
352.05078125,6.18338365042341E-9
352.5390625,6.00163038716407E-9
353.02734375,5.81991946697592E-9
353.515625,5.80351106408611E-9
354.00390625,5.59612609081267E-9
354.4921875,5.40354410998388E-9
354.98046875,5.61396641744341E-9
355.46875,5.6945190978071E-9
355.95703125,5.69033888537275E-9
356.4453125,5.99499113223803E-9
356.93359375,5.85336887740448E-9
357.421875,5.15198172628728E-9
357.91015625,4.53209864959007E-9
358.3984375,4.61627586536637E-9
358.88671875,4.99719202197219E-9
359.375,4.91834360685307E-9
359.86328125,4.92935525983907E-9
360.3515625,5.22171076425515E-9
360.83984375,5.14843173150248E-9
361.328125,4.75342704889607E-9
361.81640625,4.64729711384909E-9
362.3046875,4.76879780579721E-9
362.79296875,4.83853871507814E-9
363.28125,5.27389333423305E-9
363.76953125,5.77204955474408E-9
364.2578125,5.64142794761702E-9
364.74609375,5.33364845625282E-9
365.234375,5.45472712885062E-9
365.72265625,5.85722816620471E-9
366.2109375,6.14197400097417E-9
366.69921875,6.04981452507809E-9
367.1875,5.42360976139491E-9
367.67578125,5.07138234770399E-9
368.1640625,6.76943319665801E-9
368.65234375,8.36578745014916E-9
369.140625,7.76860051436754E-9
369.62890625,6.25241145919123E-9
370.1171875,5.4765915915712E-9
370.60546875,5.30339737856818E-9
371.09375,5.20335719737605E-9
371.58203125,5.1940706399941E-9
372.0703125,5.32308321683138E-9
372.55859375,5.61627861270383E-9
373.046875,5.96486340993144E-9
373.53515625,6.2011970437924E-9
374.0234375,6.08226656616308E-9
374.51171875,5.63204752918961E-9
375,5.54818959345701E-9
375.48828125,5.63331562331351E-9
375.9765625,5.14449717012434E-9
376.46484375,4.63775610115444E-9
376.953125,4.93465283385446E-9
377.44140625,5.0974898357852E-9
377.9296875,4.95737637472793E-9
378.41796875,5.14158537144167E-9
378.90625,5.39582073736433E-9
379.39453125,5.44764669980698E-9
379.8828125,5.05432376097562E-9
380.37109375,4.36452234289552E-9
380.859375,4.31541888982164E-9
381.34765625,4.70607336053919E-9
381.8359375,5.13657537257211E-9
382.32421875,5.51558813800868E-9
382.8125,5.46085501970147E-9
383.30078125,5.24528158743699E-9
383.7890625,5.3238674633639E-9
384.27734375,5.65571585535468E-9
384.765625,5.95379541457298E-9
385.25390625,5.70419022074749E-9
385.7421875,5.18549831825351E-9
386.23046875,5.02541569494118E-9
386.71875,5.15164392651038E-9
387.20703125,5.42925205629514E-9
387.6953125,5.78327489737953E-9
388.18359375,5.85420544770512E-9
388.671875,5.45661875654616E-9
389.16015625,5.13309320291473E-9
389.6484375,5.14701116185165E-9
390.13671875,5.39440991802769E-9

// End of Data
