// SR1 Audio Analyzer: 10/21/2024 8:59:25 AM

// Series: A1:FFT1:Power Spectrum A
// Units: Hz,V/rtHz
0,2.1065750170763E-8
3.90625,2.21723915809008E-8
7.8125,2.24641077768294E-8
11.71875,2.15936691253104E-8
15.625,2.03622298215478E-8
19.53125,1.8795641221675E-8
23.4375,2.07244490014049E-8
27.34375,2.4062422203647E-8
31.25,2.28553529173909E-8
35.15625,1.86749472895654E-8
39.0625,1.63686320943233E-8
42.96875,1.63459419390695E-8
46.875,1.86732289925458E-8
50.78125,4.01038749070602E-8
54.6875,9.13916121860369E-8
58.59375,1.35084417715304E-7
62.5,1.27958477130736E-7
66.40625,7.75300267840416E-8
70.3125,3.10799034881761E-8
74.21875,1.62785986886117E-8
78.125,1.56062418910194E-8
82.03125,1.63733331232953E-8
85.9375,1.66774016113007E-8
89.84375,1.58328396743651E-8
93.75,1.58339258423999E-8
97.65625,1.64750039236009E-8
101.5625,1.65016058200095E-8
105.46875,1.64779363519953E-8
109.375,1.95177293397176E-8
113.28125,3.33400487814391E-8
117.1875,5.27898228390623E-8
121.09375,5.79078956815826E-8
125,4.2424132946409E-8
128.90625,2.29795424151699E-8
132.8125,1.60147534451239E-8
136.71875,1.58766575366223E-8
140.625,1.63418448075587E-8
144.53125,1.63149303651088E-8
148.4375,1.55222526465936E-8
152.34375,1.4917466180326E-8
156.25,1.46089676268668E-8
160.15625,1.4218774883735E-8
164.0625,1.37920866991303E-8
167.96875,1.89858286694473E-8
171.875,5.47767918582627E-8
175.78125,1.14208268924134E-7
179.6875,1.49921889363252E-7
183.59375,1.26104988555602E-7
187.5,6.70695603864284E-8
191.40625,2.3704677711516E-8
195.3125,1.4716686724184E-8
199.21875,1.54081975787659E-8
203.125,1.48892405679915E-8
207.03125,1.41590381456138E-8
210.9375,1.45536639639028E-8
214.84375,1.49007629806496E-8
218.75,1.45710108783277E-8
222.65625,1.43092294389708E-8
226.5625,1.47165117175089E-8
230.46875,1.75464574684E-8
234.375,2.78161967403432E-8
238.28125,3.92307547597913E-8
242.1875,3.8843502283711E-8
246.09375,2.70591190493214E-8
250,1.72204518558887E-8
253.90625,1.52890733159976E-8
257.8125,1.49161300928194E-8
261.71875,1.45386039167909E-8
265.625,1.46760292552266E-8
269.53125,1.4514192062323E-8
273.4375,1.37160616432231E-8
277.34375,1.32083167717656E-8
281.25,1.3575087052004E-8
285.15625,1.42998985825744E-8
289.0625,1.68192449753995E-8
292.96875,3.05463375949364E-8
296.875,5.1877565149646E-8
300.78125,5.96390396318471E-8
304.6875,4.48993030215332E-8
308.59375,2.32479115759095E-8
312.5,1.39278269661665E-8
316.40625,1.33378406497298E-8
320.3125,1.34501073205181E-8
324.21875,1.39824805883745E-8
328.125,1.45992181726768E-8
332.03125,1.43662060456284E-8
335.9375,1.39448151246037E-8
339.84375,1.41552184208233E-8
343.75,1.4467545157191E-8
347.65625,1.48482212648381E-8
351.5625,1.62724640444657E-8
355.46875,1.98271401832411E-8
359.375,2.27779054333696E-8
363.28125,2.10371858934536E-8
367.1875,1.72689072903363E-8
371.09375,1.58752550611262E-8
375,1.49577457263979E-8
378.90625,1.3800733493328E-8
382.8125,1.3710685172862E-8
386.71875,1.40635980865814E-8
390.625,1.41877170655089E-8
394.53125,1.38098835718668E-8
398.4375,1.27503513844907E-8
402.34375,1.18634159358809E-8
406.25,1.23679762710502E-8
410.15625,1.45380730942284E-8
414.0625,2.04095253708083E-8
417.96875,2.79383531360891E-8
421.875,2.88738532138535E-8
425.78125,2.19777807918131E-8
429.6875,1.56117253761617E-8
433.59375,1.39195277157308E-8
437.5,1.36445836574752E-8
441.40625,1.36124735162205E-8
445.3125,1.37137004832501E-8
449.21875,1.32253140837109E-8
453.125,1.2928006431458E-8
457.03125,1.36860268404441E-8
460.9375,1.42533262456824E-8
464.84375,1.37951036226818E-8
468.75,1.30762323995525E-8
472.65625,1.30500167089744E-8
476.5625,1.34348931045897E-8
480.46875,1.35957952397082E-8
484.375,1.34269443737899E-8
488.28125,1.36782969371313E-8
492.1875,1.41963537260854E-8
496.09375,1.41814466971633E-8
500,1.39629138386227E-8
503.90625,1.37926917429086E-8
507.8125,1.35259851746201E-8
511.71875,1.36464176514998E-8
515.625,1.41876396383185E-8
519.53125,1.45943454308654E-8
523.4375,1.4829301959021E-8
527.34375,1.45119792094271E-8
531.25,1.57713218685726E-8
535.15625,2.24040917043931E-8
539.0625,2.87867280156201E-8
542.96875,2.69726469626107E-8
546.875,1.92429168010625E-8
550.78125,1.43308826923991E-8
554.6875,1.34991419112559E-8
558.59375,1.35798462872039E-8
562.5,1.38971146449681E-8
566.40625,1.45054881784278E-8
570.3125,1.54075409410217E-8
574.21875,1.59721478921991E-8
578.125,1.55786870770821E-8
582.03125,1.48133350336172E-8
585.9375,1.4489905357796E-8
589.84375,1.46055196530286E-8
593.75,1.51883399638377E-8
597.65625,1.55643478118919E-8
601.5625,1.47102326818605E-8
605.46875,1.31382289841648E-8
609.375,1.21008137425341E-8
613.28125,1.19825529214429E-8
617.1875,1.27839786123013E-8
621.09375,1.36418257756493E-8
625,1.39555370706002E-8
628.90625,1.39902542295619E-8
632.8125,1.37500078562513E-8
636.71875,1.32532135022354E-8
640.625,1.3080563404481E-8
644.53125,1.33406067089028E-8
648.4375,1.34997286294561E-8
652.34375,1.35106466458598E-8
656.25,1.39919162434115E-8
660.15625,1.48053856412651E-8
664.0625,1.45139948974009E-8
667.96875,1.33965335641982E-8
671.875,1.27085249060171E-8
675.78125,1.25815399207981E-8
679.6875,1.31660373934215E-8
683.59375,1.41271289367016E-8
687.5,1.42040155174073E-8
691.40625,1.34401676680493E-8
695.3125,1.31407659031995E-8
699.21875,1.33138604739242E-8
703.125,1.33405534277166E-8
707.03125,1.33324439028371E-8
710.9375,1.386608864425E-8
714.84375,1.46605445890818E-8
718.75,1.46856485150922E-8
722.65625,1.37448904757204E-8
726.5625,1.2941851514182E-8
730.46875,1.27304977333914E-8
734.375,1.27271936380754E-8
738.28125,1.35863250044661E-8
742.1875,1.43934903533409E-8
746.09375,1.3967755720066E-8
750,1.32520655794008E-8
753.90625,1.37654163148234E-8
757.8125,1.50093290176105E-8
761.71875,1.50324167233266E-8
765.625,1.38332935132342E-8
769.53125,1.38660100868433E-8
773.4375,1.65739704210581E-8
777.34375,2.03242799845175E-8
781.25,2.07383620901224E-8
785.15625,1.65182427330498E-8
789.0625,1.27255274859744E-8
792.96875,1.23685013373116E-8
796.875,1.32764549673918E-8
800.78125,1.4556053759568E-8
804.6875,1.51436533305013E-8
808.59375,1.44166941131301E-8
812.5,1.34862509256391E-8
816.40625,1.33079524960624E-8
820.3125,1.35983683083609E-8
824.21875,1.42347868104187E-8
828.125,1.4770775094592E-8
832.03125,1.48215062492505E-8
835.9375,1.42480047919027E-8
839.84375,1.37944665633487E-8
843.75,1.38068157216247E-8
847.65625,1.38397409635796E-8
851.5625,1.3740559257651E-8
855.46875,1.31936486574722E-8
859.375,1.28959245151983E-8
863.28125,1.31394767795784E-8
867.1875,1.35339105228579E-8
871.09375,1.38769598924727E-8
875,1.389050243051E-8
878.90625,1.35935327094881E-8
882.8125,1.33179090349751E-8
886.71875,1.37400049942888E-8
890.625,1.46504583352404E-8
894.53125,1.52716540810788E-8
898.4375,1.53905826842518E-8
902.34375,1.50682476855883E-8
906.25,1.47481228003325E-8
910.15625,1.47203319098336E-8
914.0625,1.49638912919755E-8
917.96875,1.54474288328113E-8
921.875,1.55439959665175E-8
925.78125,1.51903837959178E-8
929.6875,1.51065377570486E-8
933.59375,1.47872056185776E-8
937.5,1.39761980612304E-8
941.40625,1.35734420083264E-8
945.3125,1.3516009803041E-8
949.21875,1.35533412777854E-8
953.125,1.40517209598242E-8
957.03125,1.45726522659101E-8
960.9375,1.42998805073698E-8
964.84375,1.356550028706E-8
968.75,1.3422357193423E-8
972.65625,1.36667131349441E-8
976.5625,1.41110576513486E-8
980.46875,1.44567910881256E-8
984.375,1.4347780298648E-8
988.28125,1.42772640836873E-8
992.1875,1.40402960005568E-8
996.09375,1.35821511971084E-8
1000,1.36335095113716E-8
1003.90625,1.37278082283396E-8
1007.8125,1.34916757809173E-8
1011.71875,1.36788644985055E-8
1015.625,1.46008658728181E-8
1019.53125,1.58865759910876E-8
1023.4375,1.63552066834763E-8
1027.34375,1.55392697829528E-8
1031.25,1.47376981187433E-8
1035.15625,1.47659927253796E-8
1039.0625,1.4787480918639E-8
1042.96875,1.42839189299627E-8
1046.875,1.40814097432332E-8
1050.78125,1.42594005738603E-8
1054.6875,1.42214319162171E-8
1058.59375,1.39093587324794E-8
1062.5,1.3458631566377E-8
1066.40625,1.30493503491631E-8
1070.3125,1.27597895134395E-8
1074.21875,1.2886322475543E-8
1078.125,1.36093381033394E-8
1082.03125,1.41432504927055E-8
1085.9375,1.43868322930638E-8
1089.84375,1.48710972593797E-8
1093.75,1.49797599804824E-8
1097.65625,1.42002494958305E-8
1101.5625,1.35843238843496E-8
1105.46875,1.35408782107832E-8
1109.375,1.31079187902749E-8
1113.28125,1.27405034178823E-8
1117.1875,1.30622442420558E-8
1121.09375,1.34310035223287E-8
1125,1.33470908936168E-8
1128.90625,1.27786217421702E-8
1132.8125,1.31353184061172E-8
1136.71875,1.62919467091192E-8
1140.625,1.88122165891104E-8
1144.53125,1.73296798419351E-8
1148.4375,1.4518498493721E-8
1152.34375,1.37361413254681E-8
1156.25,1.41841549773019E-8
1160.15625,1.4495126542072E-8
1164.0625,1.39356264576181E-8
1167.96875,1.30053589944998E-8
1171.875,1.30210290193331E-8
1175.78125,1.38396415792896E-8
1179.6875,1.41471243450178E-8
1183.59375,1.36233709696269E-8
1187.5,1.35341922184845E-8
1191.40625,1.44150727499257E-8
1195.3125,1.46011200295018E-8
1199.21875,1.36858433758346E-8
1203.125,1.29107986045185E-8
1207.03125,1.26525030027155E-8
1210.9375,1.2873159875949E-8
1214.84375,1.33115458632213E-8
1218.75,1.31411087115181E-8
1222.65625,1.31441668965522E-8
1226.5625,1.37887651785091E-8
1230.46875,1.4229589467888E-8
1234.375,1.42787246016368E-8
1238.28125,1.40661420210379E-8
1242.1875,1.39746035379396E-8
1246.09375,1.37926268224469E-8
1250,1.31323959360662E-8
1253.90625,1.40209890169441E-8
1257.8125,1.73048028220529E-8
1261.71875,1.87972972553394E-8
1265.625,1.69339312876506E-8
1269.53125,1.49920711829763E-8
1273.4375,1.44460219842624E-8
1277.34375,1.42733168990329E-8
1281.25,1.41353154417614E-8
1285.15625,1.39875123659093E-8
1289.0625,1.39987443294442E-8
1292.96875,1.3874349999548E-8
1296.875,1.38613104790041E-8
1300.78125,1.44433046459897E-8
1304.6875,1.47362336021296E-8
1308.59375,1.40482216403124E-8
1312.5,1.31967191497308E-8
1316.40625,1.3403953518111E-8
1320.3125,1.41118701214733E-8
1324.21875,1.421301248733E-8
1328.125,1.36296989600105E-8
1332.03125,1.30333276612294E-8
1335.9375,1.32968215351318E-8
1339.84375,1.37855392844693E-8
1343.75,1.36665192791565E-8
1347.65625,1.33618012781674E-8
1351.5625,1.30735318538555E-8
1355.46875,1.33875650291241E-8
1359.375,1.40561369005122E-8
1363.28125,1.38108855395963E-8
1367.1875,1.29289175223084E-8
1371.09375,1.27995612229302E-8
1375,1.36223782497017E-8
1378.90625,1.45724381548201E-8
1382.8125,1.48876675679461E-8
1386.71875,1.46013368810851E-8
1390.625,1.43931106720591E-8
1394.53125,1.41110766226015E-8
1398.4375,1.31572429013207E-8
1402.34375,1.24168611360446E-8
1406.25,1.27041215656338E-8
1410.15625,1.32093776480191E-8
1414.0625,1.35998318209429E-8
1417.96875,1.38237115243631E-8
1421.875,1.41831852368322E-8
1425.78125,1.50181109279373E-8
1429.6875,1.51767980598513E-8
1433.59375,1.46966408856241E-8
1437.5,1.47950537184789E-8
1441.40625,1.51402381057217E-8
1445.3125,1.51557016659859E-8
1449.21875,1.52008775784208E-8
1453.125,1.56225128515881E-8
1457.03125,1.54134670419008E-8
1460.9375,1.43445250279817E-8
1464.84375,1.30568438757737E-8
1468.75,1.28191005230458E-8
1472.65625,1.41114966003574E-8
1476.5625,1.48704020061192E-8
1480.46875,1.44070311157161E-8
1484.375,1.37850337054669E-8
1488.28125,1.36870486663442E-8
1492.1875,1.39393672859481E-8
1496.09375,1.48960068513929E-8
1500,1.63940670663213E-8
1503.90625,1.65271684839068E-8
1507.8125,1.53514220331385E-8
1511.71875,1.44400990378201E-8
1515.625,1.40772941984106E-8
1519.53125,1.36694146715963E-8
1523.4375,1.33029440222805E-8
1527.34375,1.32692698206353E-8
1531.25,1.33869402958884E-8
1535.15625,1.36204637561433E-8
1539.0625,1.42074894595747E-8
1542.96875,1.45607320059336E-8
1546.875,1.38358484346343E-8
1550.78125,1.27933897686231E-8
1554.6875,1.25801648742733E-8
1558.59375,1.27148914679087E-8
1562.5,1.2960273897191E-8
1566.40625,1.34411120346682E-8
1570.3125,1.33842445065745E-8
1574.21875,1.31188976066043E-8
1578.125,1.33911804621791E-8
1582.03125,1.36751097876816E-8
1585.9375,1.36214986326242E-8
1589.84375,1.35170403838669E-8
1593.75,1.38062728102848E-8
1597.65625,1.41745418550959E-8
1601.5625,1.40659694208404E-8
1605.46875,1.39236136495746E-8
1609.375,1.45044711864585E-8
1613.28125,1.6624927191185E-8
1617.1875,2.09665867891587E-8
1621.09375,2.32734636859704E-8
1625,2.01339007515513E-8
1628.90625,1.52708851811167E-8
1632.8125,1.34962948033827E-8
1636.71875,1.39129540201174E-8
1640.625,1.44644419278273E-8
1644.53125,1.48877723571128E-8
1648.4375,1.49857961111893E-8
1652.34375,1.48319983702727E-8
1656.25,1.47046886156437E-8
1660.15625,1.48869644073569E-8
1664.0625,1.51211481635388E-8
1667.96875,1.47279035097709E-8
1671.875,1.43065609669539E-8
1675.78125,1.43876439471274E-8
1679.6875,1.4358205835149E-8
1683.59375,1.44162881490935E-8
1687.5,1.47567430006766E-8
1691.40625,1.47225052953558E-8
1695.3125,1.40247314301525E-8
1699.21875,1.33235340756739E-8
1703.125,1.36613307576258E-8
1707.03125,1.43885408838928E-8
1710.9375,1.43558756999049E-8
1714.84375,1.40773584618212E-8
1718.75,1.45784130803926E-8
1722.65625,1.52857642588392E-8
1726.5625,1.52538300699749E-8
1730.46875,1.50819318157323E-8
1734.375,1.63432157156884E-8
1738.28125,1.93475793490245E-8
1742.1875,2.02619159353517E-8
1746.09375,1.74327168689065E-8
1750,1.47385317883896E-8
1753.90625,1.41409691483312E-8
1757.8125,1.42891430254969E-8
1761.71875,1.41336206522517E-8
1765.625,1.41029133572155E-8
1769.53125,1.48344124001609E-8
1773.4375,1.50448412997679E-8
1777.34375,1.42645514618553E-8
1781.25,1.35699819375953E-8
1785.15625,1.34053535555791E-8
1789.0625,1.33560444460355E-8
1792.96875,1.33044011768402E-8
1796.875,1.34979725017162E-8
1800.78125,1.40276706801886E-8
1804.6875,1.41483425358385E-8
1808.59375,1.34487730314543E-8
1812.5,1.25525661262652E-8
1816.40625,1.23120685518988E-8
1820.3125,1.25424340679743E-8
1824.21875,1.24451517491682E-8
1828.125,1.25280274846823E-8
1832.03125,1.32704426888727E-8
1835.9375,1.40773689537788E-8
1839.84375,1.44098706056627E-8
1843.75,1.45041574192237E-8
1847.65625,1.47368036408656E-8
1851.5625,1.565697987907E-8
1855.46875,2.10712174288048E-8
1859.375,2.82501762088021E-8
1863.28125,2.77177509697704E-8
1867.1875,2.00736990296672E-8
1871.09375,1.45549090152242E-8
1875,1.34052936455096E-8
1878.90625,1.36645461166038E-8
1882.8125,1.37891233414434E-8
1886.71875,1.38432536397888E-8
1890.625,1.4469415196683E-8
1894.53125,1.5266017605475E-8
1898.4375,1.52194496182745E-8
1902.34375,1.42483818611021E-8
1906.25,1.37023473736575E-8
1910.15625,1.38447359391071E-8
1914.0625,1.35482422778543E-8
1917.96875,1.26641747757388E-8
1921.875,1.23573100253548E-8
1925.78125,1.26929228970457E-8
1929.6875,1.26747783365276E-8
1933.59375,1.24952037977985E-8
1937.5,1.32054125540249E-8
1941.40625,1.41555301406406E-8
1945.3125,1.42629354561248E-8
1949.21875,1.37397241589845E-8
1953.125,1.32144767718646E-8
1957.03125,1.32365707332965E-8
1960.9375,1.35471336641553E-8
1964.84375,1.41291002196949E-8
1968.75,1.51801193160424E-8
1972.65625,1.71791138330202E-8
1976.5625,2.19102843069302E-8
1980.46875,2.56528871338499E-8
1984.375,2.29740672104365E-8
1988.28125,1.69237299229193E-8
1992.1875,1.38636544893619E-8
1996.09375,1.33657745399158E-8
2000,1.37329844053555E-8
2003.90625,1.45040721344613E-8
2007.8125,1.48315819897385E-8
2011.71875,1.44421273148571E-8
2015.625,1.3975427243565E-8
2019.53125,1.39257045578937E-8
2023.4375,1.41967477727522E-8
2027.34375,1.4210318801589E-8
2031.25,1.41269995555109E-8
2035.15625,1.40479686515894E-8
2039.0625,1.39381546734314E-8
2042.96875,1.41829131769251E-8
2046.875,1.44952736532382E-8
2050.78125,1.46033402350925E-8
2054.6875,1.49839991424494E-8
2058.59375,1.47983851714816E-8
2062.5,1.36582444092999E-8
2066.40625,1.29038827225147E-8
2070.3125,1.28411637845576E-8
2074.21875,1.32848154711173E-8
2078.125,1.41204845299238E-8
2082.03125,1.46986632796902E-8
2085.9375,1.49852638809958E-8
2089.84375,1.52488934867018E-8
2093.75,1.56190143883108E-8
2097.65625,1.65750876639623E-8
2101.5625,1.72256020854236E-8
2105.46875,1.63525711975392E-8
2109.375,1.52320937425149E-8
2113.28125,1.47051801530171E-8
2117.1875,1.39161284878921E-8
2121.09375,1.32763026945854E-8
2125,1.30859081292141E-8
2128.90625,1.32118554894884E-8
2132.8125,1.37778390814198E-8
2136.71875,1.38187784233093E-8
2140.625,1.31612449520078E-8
2144.53125,1.28700107555089E-8
2148.4375,1.30760552043715E-8
2152.34375,1.3408354225486E-8
2156.25,1.3639277148761E-8
2160.15625,1.38247619019214E-8
2164.0625,1.4194019783216E-8
2167.96875,1.44249165863394E-8
2171.875,1.39928319491413E-8
2175.78125,1.32574365567198E-8
2179.6875,1.28164603189133E-8
2183.59375,1.26905474078856E-8
2187.5,1.29987093148391E-8
2191.40625,1.36861691587231E-8
2195.3125,1.45655925433286E-8
2199.21875,1.46856906302976E-8
2203.125,1.38700738500542E-8
2207.03125,1.2865708604942E-8
2210.9375,1.28614854023583E-8
2214.84375,1.53065794740173E-8
2218.75,1.93805272409497E-8
2222.65625,2.06848359959802E-8
2226.5625,1.79477336987154E-8
2230.46875,1.51392009490693E-8
2234.375,1.41559546685146E-8
2238.28125,1.40274449602487E-8
2242.1875,1.41495788890093E-8
2246.09375,1.3924972046479E-8
2250,1.37330173426942E-8
2253.90625,1.35931551317679E-8
2257.8125,1.31539652938169E-8
2261.71875,1.3171588525837E-8
2265.625,1.359944219986E-8
2269.53125,1.37204961330229E-8
2273.4375,1.34404259159854E-8
2277.34375,1.37741421787351E-8
2281.25,1.47660577424814E-8
2285.15625,1.51580939846554E-8
2289.0625,1.45938267564551E-8
2292.96875,1.37074988196341E-8
2296.875,1.37419827722482E-8
2300.78125,1.40969922794143E-8
2304.6875,1.38986224164732E-8
2308.59375,1.39020577975989E-8
2312.5,1.42780664495795E-8
2316.40625,1.45382451692156E-8
2320.3125,1.42142575030288E-8
2324.21875,1.38860610720508E-8
2328.125,1.42934294278366E-8
2332.03125,1.4893486280437E-8
2335.9375,1.61984608051733E-8
2339.84375,1.77586994657472E-8
2343.75,1.7157235136475E-8
2347.65625,1.52204849455978E-8
2351.5625,1.43586288710197E-8
2355.46875,1.4229524594513E-8
2359.375,1.40312961792059E-8
2363.28125,1.36646190766766E-8
2367.1875,1.34849092599548E-8
2371.09375,1.35552523123801E-8
2375,1.3638783068794E-8
2378.90625,1.36510742529358E-8
2382.8125,1.32583549486714E-8
2386.71875,1.30991585691659E-8
2390.625,1.34395398850864E-8
2394.53125,1.34469553300619E-8
2398.4375,1.34523479968971E-8
2402.34375,1.32586299664837E-8
2406.25,1.27097625939931E-8
2410.15625,1.28116156494146E-8
2414.0625,1.35279198627673E-8
2417.96875,1.37645049288155E-8
2421.875,1.33878822114408E-8
2425.78125,1.3599212087392E-8
2429.6875,1.40269994323899E-8
2433.59375,1.35659181017848E-8
2437.5,1.29750827567152E-8
2441.40625,1.30764653616748E-8
2445.3125,1.30237610069018E-8
2449.21875,1.267772984165E-8
2453.125,1.30884072295373E-8
2457.03125,1.401767432041E-8
2460.9375,1.4813429754825E-8
2464.84375,1.49171425350954E-8
2468.75,1.4132358081585E-8
2472.65625,1.32325963473492E-8
2476.5625,1.3213091441413E-8
2480.46875,1.3898571938664E-8
2484.375,1.43186625242533E-8
2488.28125,1.41834553389938E-8
2492.1875,1.38496591278452E-8
2496.09375,1.35386010482624E-8
2500,1.32561232640641E-8
2503.90625,1.34929504114505E-8
2507.8125,1.40313942060075E-8
2511.71875,1.45849779877806E-8
2515.625,1.51225363366582E-8
2519.53125,1.4954072607346E-8
2523.4375,1.44139975036953E-8
2527.34375,1.42251001811391E-8
2531.25,1.41902263886337E-8
2535.15625,1.41423784686069E-8
2539.0625,1.42339878416521E-8
2542.96875,1.41934838781315E-8
2546.875,1.36581524907079E-8
2550.78125,1.31967897997217E-8
2554.6875,1.31135008606748E-8
2558.59375,1.29466089461352E-8
2562.5,1.29522847689437E-8
2566.40625,1.30606406229252E-8
2570.3125,1.33098245526425E-8
2574.21875,1.4219975251363E-8
2578.125,1.51613365328614E-8
2582.03125,1.51025505921062E-8
2585.9375,1.4348239027169E-8
2589.84375,1.39422483904812E-8
2593.75,1.36823941881184E-8
2597.65625,1.3434848442634E-8
2601.5625,1.35528849324524E-8
2605.46875,1.37256010869218E-8
2609.375,1.37180125915866E-8
2613.28125,1.36089636774054E-8
2617.1875,1.36536044513643E-8
2621.09375,1.33671882443424E-8
2625,1.27457097300302E-8
2628.90625,1.29794987209472E-8
2632.8125,1.36763558477038E-8
2636.71875,1.4037533661299E-8
2640.625,1.4355808825099E-8
2644.53125,1.4508181780708E-8
2648.4375,1.45404921165222E-8
2652.34375,1.46940735516759E-8
2656.25,1.4284751294763E-8
2660.15625,1.32555508338692E-8
2664.0625,1.28677339585506E-8
2667.96875,1.2836496717665E-8
2671.875,1.25399778054586E-8
2675.78125,1.26092765789683E-8
2679.6875,1.32165702105495E-8
2683.59375,1.36567378125878E-8
2687.5,1.40470736263413E-8
2691.40625,1.49404468435101E-8
2695.3125,1.5713700612681E-8
2699.21875,1.58295072446325E-8
2703.125,1.5567388924742E-8
2707.03125,1.52466207654344E-8
2710.9375,1.50508862896702E-8
2714.84375,1.50619632872E-8
2718.75,1.47817697336249E-8
2722.65625,1.3860786352013E-8
2726.5625,1.33931104996744E-8
2730.46875,1.39834602866302E-8
2734.375,1.41447542163484E-8
2738.28125,1.39259809797893E-8
2742.1875,1.42058546161863E-8
2746.09375,1.44022702547289E-8
2750,1.4336085166877E-8
2753.90625,1.44416638981589E-8
2757.8125,1.40509766225478E-8
2761.71875,1.34829492297844E-8
2765.625,1.33591964651782E-8
2769.53125,1.33865961974718E-8
2773.4375,1.34982877735609E-8
2777.34375,1.39419060794206E-8
2781.25,1.46285707261406E-8
2785.15625,1.46168905855735E-8
2789.0625,1.38336785498669E-8
2792.96875,1.3308983928464E-8
2796.875,1.32360044318015E-8
2800.78125,1.37391759089305E-8
2804.6875,1.4456976901156E-8
2808.59375,1.45799162429418E-8
2812.5,1.44118845616798E-8
2816.40625,1.48327196954312E-8
2820.3125,1.5453367115846E-8
2824.21875,1.52608194179583E-8
2828.125,1.43782721688894E-8
2832.03125,1.37116405304991E-8
2835.9375,1.39516298713287E-8
2839.84375,1.42203621519462E-8
2843.75,1.39434990455205E-8
2847.65625,1.38460027358232E-8
2851.5625,1.40149536292162E-8
2855.46875,1.36172739171769E-8
2859.375,1.30503824142821E-8
2863.28125,1.31856581108152E-8
2867.1875,1.33240329174337E-8
2871.09375,1.31767870419555E-8
2875,1.32140639124744E-8
2878.90625,1.35125582533563E-8
2882.8125,1.41115260375818E-8
2886.71875,1.44622674200229E-8
2890.625,1.43917098693375E-8
2894.53125,1.41658430224811E-8
2898.4375,1.39276082444726E-8
2902.34375,1.36989292959366E-8
2906.25,1.32868207089894E-8
2910.15625,1.30431413809044E-8
2914.0625,1.32880413518394E-8
2917.96875,1.3800733493328E-8
2921.875,1.41476378640603E-8
2925.78125,1.40992093739669E-8
2929.6875,1.37882115139475E-8
2933.59375,1.37560950651676E-8
2937.5,1.39857297012712E-8
2941.40625,1.4118774883669E-8
2945.3125,1.38626010655614E-8
2949.21875,1.34673581094812E-8
2953.125,1.32880878966154E-8
2957.03125,1.34568371481933E-8
2960.9375,1.42245764793363E-8
2964.84375,1.47592500228947E-8
2968.75,1.43239686839865E-8
2972.65625,1.36308455556893E-8
2976.5625,1.36918431473681E-8
2980.46875,1.40174583177509E-8
2984.375,1.40404524795872E-8
2988.28125,1.39612576290019E-8
2992.1875,1.42194968043728E-8
2996.09375,1.47864364991814E-8
3000,1.49676187420556E-8
3003.90625,1.46318826732331E-8
3007.8125,1.41130946257471E-8
3011.71875,1.40350805692597E-8
3015.625,1.4336054259012E-8
3019.53125,1.45574349434254E-8
3023.4375,1.47749117730785E-8
3027.34375,1.48892436679457E-8
3031.25,1.48247053523063E-8
3035.15625,1.45288803131728E-8
3039.0625,1.3929031862283E-8
3042.96875,1.34934765120809E-8
3046.875,1.32178168958647E-8
3050.78125,1.31041935060258E-8
3054.6875,1.33257011303226E-8
3058.59375,1.34582303124377E-8
3062.5,1.32677733239857E-8
3066.40625,1.32485738339297E-8
3070.3125,1.36351337677704E-8
3074.21875,1.37866983631661E-8
3078.125,1.37624056277082E-8
3082.03125,1.39262169615265E-8
3085.9375,1.38523922919427E-8
3089.84375,1.3266728946224E-8
3093.75,1.2356582030069E-8
3097.65625,1.20298721402154E-8
3101.5625,1.25856597581739E-8
3105.46875,1.29303604274744E-8
3109.375,1.30795972403492E-8
3113.28125,1.37583952736977E-8
3117.1875,1.39213400768336E-8
3121.09375,1.3128620643431E-8
3125,1.25309420979865E-8
3128.90625,1.2820008552687E-8
3132.8125,1.36179626494359E-8
3136.71875,1.4070467491039E-8
3140.625,1.40610543483827E-8
3144.53125,1.39270667278027E-8
3148.4375,1.36475824581116E-8
3152.34375,1.39628887159522E-8
3156.25,1.47424289286619E-8
3160.15625,1.49104787094613E-8
3164.0625,1.44193543674073E-8
3167.96875,1.37541683109723E-8
3171.875,1.33483966194684E-8
3175.78125,1.34125043437888E-8
3179.6875,1.3518944941772E-8
3183.59375,1.32382004584404E-8
3187.5,1.31354477163679E-8
3191.40625,1.32335192534314E-8
3195.3125,1.31548621384851E-8
3199.21875,1.34856006451656E-8
3203.125,1.38900644727965E-8
3207.03125,1.34096395296119E-8
3210.9375,1.25661247814115E-8
3214.84375,1.25998158208492E-8
3218.75,1.34114994570319E-8
3222.65625,1.38376964383664E-8
3226.5625,1.38689949554874E-8
3230.46875,1.40459774384343E-8
3234.375,1.39084846544859E-8
3238.28125,1.34899158676387E-8
3242.1875,1.35137544076909E-8
3246.09375,1.35810140846082E-8
3250,1.31084955547176E-8
3253.90625,1.2732239362947E-8
3257.8125,1.30623891164143E-8
3261.71875,1.35174774520722E-8
3265.625,1.35264478871199E-8
3269.53125,1.30667423713738E-8
3273.4375,1.27241498624411E-8
3277.34375,1.29426011521917E-8
3281.25,1.32640797126007E-8
3285.15625,1.34397541862871E-8
3289.0625,1.33954957795769E-8
3292.96875,1.28191163655099E-8
3296.875,1.212937726196E-8
3300.78125,1.22530835986767E-8
3304.6875,1.27212134813638E-8
3308.59375,1.28624593377519E-8
3312.5,1.30492046226319E-8
3316.40625,1.35516602163362E-8
3320.3125,1.41406930121552E-8
3324.21875,1.44306436223768E-8
3328.125,1.38232380604495E-8
3332.03125,1.28187246188348E-8
3335.9375,1.25134280056963E-8
3339.84375,1.28559525952885E-8
3343.75,1.32113950346496E-8
3347.65625,1.30143561367099E-8
3351.5625,1.26978419317541E-8
3355.46875,1.28929456334097E-8
3359.375,1.31305231891387E-8
3363.28125,1.30841973493148E-8
3367.1875,1.36386585307451E-8
3371.09375,1.5167994826622E-8
3375,1.59284258086465E-8
3378.90625,1.53056597392276E-8
3382.8125,1.42392814709977E-8
3386.71875,1.33702886162157E-8
3390.625,1.27584213777392E-8
3394.53125,1.29026901270995E-8
3398.4375,1.33591964651782E-8
3402.34375,1.36608077426299E-8
3406.25,1.41648387918104E-8
3410.15625,1.44098264030898E-8
3414.0625,1.38952698931855E-8
3417.96875,1.34543220906637E-8
3421.875,1.36165010855702E-8
3425.78125,1.38143908520006E-8
3429.6875,1.38687739747457E-8
3433.59375,1.39693424343647E-8
3437.5,1.42722193308582E-8
3441.40625,1.43949749905818E-8
3445.3125,1.37147390937148E-8
3449.21875,1.28059531690297E-8
3453.125,1.27405932623704E-8
3457.03125,1.31212462008394E-8
3460.9375,1.36839330393577E-8
3464.84375,1.4713054438573E-8
3468.75,1.50337246692149E-8
3472.65625,1.42248172417913E-8
3476.5625,1.30927969574976E-8
3480.46875,1.24402233266799E-8
3484.375,1.26634954023378E-8
3488.28125,1.30445306067145E-8
3492.1875,1.33536161722634E-8
3496.09375,1.38012398349362E-8
3500,1.42362646547423E-8
3503.90625,1.44461171968655E-8
3507.8125,1.44073892861959E-8
3511.71875,1.41785373721483E-8
3515.625,1.41253357907721E-8
3519.53125,1.39298416953814E-8
3523.4375,1.32459983258258E-8
3527.34375,1.3070907730556E-8
3531.25,1.3470613601134E-8
3535.15625,1.39702589589607E-8
3539.0625,1.43796158620571E-8
3542.96875,1.40426134213061E-8
3546.875,1.326552443514E-8
3550.78125,1.3149034362897E-8
3554.6875,1.38349790536477E-8
3558.59375,1.43723084564436E-8
3562.5,1.42431350378267E-8
3566.40625,1.38916394611122E-8
3570.3125,1.38103521462114E-8
3574.21875,1.40748795176629E-8
3578.125,1.42099732037919E-8
3582.03125,1.44131047130014E-8
3585.9375,1.48651468264951E-8
3589.84375,1.5094815277329E-8
3593.75,1.48153140824568E-8
3597.65625,1.44885591503249E-8
3601.5625,1.41824992193039E-8
3605.46875,1.384878194843E-8
3609.375,1.39636403931423E-8
3613.28125,1.43940810200194E-8
3617.1875,1.42707277446476E-8
3621.09375,1.39417061182005E-8
3625,1.43563187376261E-8
3628.90625,1.49879439361239E-8
3632.8125,1.52399586625683E-8
3636.71875,1.5079396409808E-8
3640.625,1.46959254441935E-8
3644.53125,1.43753493791766E-8
3648.4375,1.41333822551507E-8
3652.34375,1.41233450276069E-8
3656.25,1.46465373537818E-8
3660.15625,1.5280831951109E-8
3664.0625,1.50080810690121E-8
3667.96875,1.44798156326053E-8
3671.875,1.43496723788661E-8
3675.78125,1.442904429914E-8
3679.6875,1.47776718305542E-8
3683.59375,1.48961524823653E-8
3687.5,1.44303013821116E-8
3691.40625,1.39742501289021E-8
3695.3125,1.39941486658873E-8
3699.21875,1.42284593313922E-8
3703.125,1.40616865513218E-8
3707.03125,1.36122687157097E-8
3710.9375,1.33718247256596E-8
3714.84375,1.29736939212632E-8
3718.75,1.26460364152342E-8
3722.65625,1.28419710560074E-8
3726.5625,1.30762154566908E-8
3730.46875,1.32695947002132E-8
3734.375,1.3571597472578E-8
3738.28125,1.37219217289724E-8
3742.1875,1.37257073498811E-8
3746.09375,1.39975335633513E-8
3750,1.43915636238307E-8
3753.90625,1.4042819833994E-8
3757.8125,1.33740950829294E-8
3761.71875,1.32845674009052E-8
3765.625,1.35661480985359E-8
3769.53125,1.35497657071464E-8
3773.4375,1.31349072753947E-8
3777.34375,1.29629489013413E-8
3781.25,1.31762686137645E-8
3785.15625,1.33758930097192E-8
3789.0625,1.35175074999922E-8
3792.96875,1.37330677568352E-8
3796.875,1.38544792904122E-8
3800.78125,1.41258501018971E-8
3804.6875,1.40749267397258E-8
3808.59375,1.35738629789551E-8
3812.5,1.34848722938066E-8
3816.40625,1.37558293220133E-8
3820.3125,1.43612503868266E-8
3824.21875,1.44125673467491E-8
3828.125,1.32917484452528E-8
3832.03125,1.24545736025605E-8
3835.9375,1.2916996863476E-8
3839.84375,1.35226501735885E-8
3843.75,1.34595122253897E-8
3847.65625,1.35410745469829E-8
3851.5625,1.41429972457379E-8
3855.46875,1.45223370849775E-8
3859.375,1.42634169763807E-8
3863.28125,1.37558132162026E-8
3867.1875,1.38373995735401E-8
3871.09375,1.44646710394917E-8
3875,1.46266926344819E-8
3878.90625,1.40975645929644E-8
3882.8125,1.33229451412221E-8
3886.71875,1.245628192622E-8
3890.625,1.19560292127595E-8
3894.53125,1.24400396694178E-8
3898.4375,1.33879580582728E-8
3902.34375,1.37274471207074E-8
3906.25,1.32936345886723E-8
3910.15625,1.28213708365637E-8
3914.0625,1.29322714399496E-8
3917.96875,1.30243925291134E-8
3921.875,1.29254756039945E-8
3925.78125,1.34871058256271E-8
3929.6875,1.41334586732895E-8
3933.59375,1.43190171030259E-8
3937.5,1.42465197419316E-8
3941.40625,1.3611518658393E-8
3945.3125,1.32325112386337E-8
3949.21875,1.37540052190742E-8
3953.125,1.40831855404015E-8
3957.03125,1.381921329624E-8
3960.9375,1.35766863411361E-8
3964.84375,1.36236840171532E-8
3968.75,1.33762518759595E-8
3972.65625,1.32092280961832E-8
3976.5625,1.41121553253361E-8
3980.46875,1.49165150270136E-8
3984.375,1.4751583750168E-8
3988.28125,1.4303201442694E-8
3992.1875,1.37864245052993E-8
3996.09375,1.35146806543566E-8
4000,1.36183876666286E-8
4003.90625,1.36570609101349E-8
4007.8125,1.33592697108913E-8
4011.71875,1.29524201827107E-8
4015.625,1.30681128412708E-8
4019.53125,1.37090119584037E-8
4023.4375,1.42451194286749E-8
4027.34375,1.42815883089851E-8
4031.25,1.40271218387949E-8
4035.15625,1.39639669667529E-8
4039.0625,1.41953269425471E-8
4042.96875,1.44123015383956E-8
4046.875,1.38956724778426E-8
4050.78125,1.29629602952794E-8
4054.6875,1.2867066050386E-8
4058.59375,1.31793319483168E-8
4062.5,1.32108011010663E-8
4066.40625,1.30194210327028E-8
4070.3125,1.29261026441053E-8
4074.21875,1.29908461495443E-8
4078.125,1.31600862011654E-8
4082.03125,1.38025567712293E-8
4085.9375,1.43498692283748E-8
4089.84375,1.39858300275659E-8
4093.75,1.31484586746375E-8
4097.65625,1.33139797299614E-8
4101.5625,1.41755167453043E-8
4105.46875,1.40587353710945E-8
4109.375,1.32916435744916E-8
4113.28125,1.31871345254068E-8
4117.1875,1.32318470928054E-8
4121.09375,1.30000528725618E-8
4125,1.29148327074257E-8
4128.90625,1.344961727294E-8
4132.8125,1.40133404597676E-8
4136.71875,1.42433489142737E-8
4140.625,1.44399015005027E-8
4144.53125,1.43014987931779E-8
4148.4375,1.40438183289689E-8
4152.34375,1.40774535449008E-8
4156.25,1.43288934286559E-8
4160.15625,1.44716473156622E-8
4164.0625,1.4208388023497E-8
4167.96875,1.38685170469266E-8
4171.875,1.37219742020706E-8
4175.78125,1.37517499229485E-8
4179.6875,1.39610275292476E-8
4183.59375,1.40314961794703E-8
4187.5,1.40395674953885E-8
4191.40625,1.40277825516989E-8
4195.3125,1.35912609730199E-8
4199.21875,1.3331353350711E-8
4203.125,1.39452215746285E-8
4207.03125,1.48197161441788E-8
4210.9375,1.49435024961957E-8
4214.84375,1.4699449551573E-8
4218.75,1.44523059480552E-8
4222.65625,1.39842834705733E-8
4226.5625,1.36382612196946E-8
4230.46875,1.41164935074078E-8
4234.375,1.48097707079604E-8
4238.28125,1.47237912416998E-8
4242.1875,1.44358478727635E-8
4246.09375,1.43984496616463E-8
4250,1.41716272042579E-8
4253.90625,1.36308530051982E-8
4257.8125,1.3131948863096E-8
4261.71875,1.30309540120227E-8
4265.625,1.33931456513496E-8
4269.53125,1.39539580481388E-8
4273.4375,1.41985026431599E-8
4277.34375,1.42832726505499E-8
4281.25,1.41798759050537E-8
4285.15625,1.36100224893383E-8
4289.0625,1.33958320691889E-8
4292.96875,1.3300422073854E-8
4296.875,1.25807350158573E-8
4300.78125,1.26817208906276E-8
4304.6875,1.34250508304753E-8
4308.59375,1.3511962527634E-8
4312.5,1.3554304320343E-8
4316.40625,1.40383793196656E-8
4320.3125,1.4381917118402E-8
4324.21875,1.39965278092729E-8
4328.125,1.31644344970251E-8
4332.03125,1.28445995482738E-8
4335.9375,1.33487631403126E-8
4339.84375,1.38424867559827E-8
4343.75,1.37082820093286E-8
4347.65625,1.35086165477865E-8
4351.5625,1.34463855316886E-8
4355.46875,1.33060774010687E-8
4359.375,1.31662400204101E-8
4363.28125,1.30383823555333E-8
4367.1875,1.28047701966495E-8
4371.09375,1.2715320535161E-8
4375,1.27996275742388E-8
4378.90625,1.28334170055393E-8
4382.8125,1.28532991332725E-8
4386.71875,1.27150983803201E-8
4390.625,1.27105869260951E-8
4394.53125,1.2827224417865E-8
4398.4375,1.28922876236791E-8
4402.34375,1.30632767017964E-8
4406.25,1.3707968873504E-8
4410.15625,1.45929234599393E-8
4414.0625,1.51070186636653E-8
4417.96875,1.47367140648102E-8
4421.875,1.36618301033879E-8
4425.78125,1.27877372646869E-8
4429.6875,1.29016569799375E-8
4433.59375,1.34844266383786E-8
4437.5,1.38737771278792E-8
4441.40625,1.38600177741816E-8
4445.3125,1.36128234331423E-8
4449.21875,1.3192887395066E-8
4453.125,1.2715953582569E-8
4457.03125,1.24893653410617E-8
4460.9375,1.27429058153553E-8
4464.84375,1.32743403745679E-8
4468.75,1.39422722261415E-8
4472.65625,1.48170667157411E-8
4476.5625,1.52663151095957E-8
4480.46875,1.51263186754327E-8
4484.375,1.45604948959705E-8
4488.28125,1.39251974387106E-8
4492.1875,1.39268917411707E-8
4496.09375,1.41348687423988E-8
4500,1.42535878946506E-8
4503.90625,1.44971636760179E-8
4507.8125,1.46040077479913E-8
4511.71875,1.44962658185636E-8
4515.625,1.43283980023435E-8
4519.53125,1.4114170558103E-8
4523.4375,1.41382277845451E-8
4527.34375,1.44514717360456E-8
4531.25,1.46603380583551E-8
4535.15625,1.45815724549063E-8
4539.0625,1.44121241165978E-8
4542.96875,1.40090757655575E-8
4546.875,1.36898372221304E-8
4550.78125,1.3691288934551E-8
4554.6875,1.36084990222029E-8
4558.59375,1.35750414912627E-8
4562.5,1.38474987401569E-8
4566.40625,1.41373371676113E-8
4570.3125,1.41164863141797E-8
4574.21875,1.39223572299284E-8
4578.125,1.38053086220049E-8
4582.03125,1.39089678266357E-8
4585.9375,1.4080457839493E-8
4589.84375,1.39616629391733E-8
4593.75,1.36939741631115E-8
4597.65625,1.33989953969802E-8
4601.5625,1.33094146509505E-8
4605.46875,1.36318376589946E-8
4609.375,1.40773505928479E-8
4613.28125,1.40880889602136E-8
4617.1875,1.35542682245083E-8
4621.09375,1.36504811909715E-8
4625,1.42522757155777E-8
4628.90625,1.39457253179102E-8
4632.8125,1.29618813873401E-8
4636.71875,1.24070710012482E-8
4640.625,1.25225987202506E-8
4644.53125,1.31360577062544E-8
4648.4375,1.38358317547763E-8
4652.34375,1.38625817542642E-8
4656.25,1.36015042139268E-8
4660.15625,1.33964708583791E-8
4664.0625,1.36800838997145E-8
4667.96875,1.45278808440354E-8
4671.875,1.45306077776165E-8
4675.78125,1.40216250013998E-8
4679.6875,1.41381546568232E-8
4683.59375,1.44580795980756E-8
4687.5,1.45329924719835E-8
4691.40625,1.44057162525661E-8
4695.3125,1.40600505119017E-8
4699.21875,1.38382141020187E-8
4703.125,1.42047108937033E-8
4707.03125,1.44751896751218E-8
4710.9375,1.39552744638341E-8
4714.84375,1.32441339754782E-8
4718.75,1.32638173352178E-8
4722.65625,1.40149411145289E-8
4726.5625,1.42356188057146E-8
4730.46875,1.37828471138837E-8
4734.375,1.33867368720416E-8
4738.28125,1.29843760175446E-8
4742.1875,1.28607640541042E-8
4746.09375,1.34595876685756E-8
4750,1.40145498602474E-8
4753.90625,1.40965797277763E-8
4757.8125,1.43738986791807E-8
4761.71875,1.46697429603034E-8
4765.625,1.44236910342052E-8
4769.53125,1.38173695013432E-8
4773.4375,1.35791603803326E-8
4777.34375,1.39706111474451E-8
4781.25,1.40286156373572E-8
4785.15625,1.35095267472876E-8
4789.0625,1.33952931747928E-8
4792.96875,1.44069279558404E-8
4796.875,1.51120119772259E-8
4800.78125,1.42851403182009E-8
4804.6875,1.36105182915926E-8
4808.59375,1.46527668247848E-8
4812.5,1.55406105091356E-8
4816.40625,1.52187775579221E-8
4820.3125,1.42676852275354E-8
4824.21875,1.33792790816392E-8
4828.125,1.31801997519919E-8
4832.03125,1.37510987716308E-8
4835.9375,1.40580327741657E-8
4839.84375,1.3704988674601E-8
4843.75,1.35377582646718E-8
4847.65625,1.39064714777643E-8
4851.5625,1.4129432115665E-8
4855.46875,1.39802912032019E-8
4859.375,1.34817921100112E-8
4863.28125,1.27233634112008E-8
4867.1875,1.26708972956895E-8
4871.09375,1.33330081852654E-8
4875,1.37383588682554E-8
4878.90625,1.3659629871968E-8
4882.8125,1.33608513057369E-8
4886.71875,1.3259249605965E-8
4890.625,1.26578636555173E-8
4894.53125,1.17802242154004E-8
4898.4375,1.23022002756242E-8
4902.34375,1.36251495530892E-8
4906.25,1.39138357787954E-8
4910.15625,1.33953400360357E-8
4914.0625,1.31484242729556E-8
4917.96875,1.35329112404758E-8
4921.875,1.39473681491929E-8
4925.78125,1.39709540766687E-8
4929.6875,1.40965168617047E-8
4933.59375,1.41157296968927E-8
4937.5,1.35034035858883E-8
4941.40625,1.32386035002941E-8
4945.3125,1.363205977189E-8
4949.21875,1.37288793911897E-8
4953.125,1.3260545185511E-8
4957.03125,1.26575063006756E-8
4960.9375,1.25760212158847E-8
4964.84375,1.27754876146154E-8
4968.75,1.31621335858626E-8
4972.65625,1.39149609517596E-8
4976.5625,1.45511830575908E-8
4980.46875,1.40579973150722E-8
4984.375,1.28604934483533E-8
4988.28125,1.24658938270457E-8
4992.1875,1.28252049030847E-8
4996.09375,1.29789489413165E-8
5000,1.27813744874865E-8
5003.90625,1.25936168506479E-8
5007.8125,1.27851382376016E-8
5011.71875,1.38385176200256E-8
5015.625,1.47228877679733E-8
5019.53125,1.45391613866074E-8
5023.4375,1.41358685718481E-8
5027.34375,1.45039722106315E-8
5031.25,1.49225575633125E-8
5035.15625,1.51422829436855E-8
5039.0625,1.51351241922179E-8
5042.96875,1.43412065812782E-8
5046.875,1.32627851743485E-8
5050.78125,1.26825077405453E-8
5054.6875,1.27170780351758E-8
5058.59375,1.27490959149086E-8
5062.5,1.24269733810691E-8
5066.40625,1.27208716939438E-8
5070.3125,1.35059259073328E-8
5074.21875,1.38536830429688E-8
5078.125,1.37465089584282E-8
5082.03125,1.3550794401958E-8
5085.9375,1.37422884156611E-8
5089.84375,1.42394804948549E-8
5093.75,1.40946320590584E-8
5097.65625,1.34459351679386E-8
5101.5625,1.38706801506358E-8
5105.46875,1.51658852832375E-8
5109.375,1.58099013861627E-8
5113.28125,1.52452826437537E-8
5117.1875,1.42006765871426E-8
5121.09375,1.35175498401296E-8
5125,1.35722701586441E-8
5128.90625,1.4332362221493E-8
5132.8125,1.46640677566145E-8
5136.71875,1.40656983751912E-8
5140.625,1.35763341329208E-8
5144.53125,1.40645019054674E-8
5148.4375,1.47318805352915E-8
5152.34375,1.49879377770431E-8
5156.25,1.48236629328085E-8
5160.15625,1.42078273210784E-8
5164.0625,1.41146257607183E-8
5167.96875,1.46303665519828E-8
5171.875,1.45423965753256E-8
5175.78125,1.40528672803621E-8
5179.6875,1.3909096581217E-8
5183.59375,1.41749280420689E-8
5187.5,1.41655452145814E-8
5191.40625,1.40061286588011E-8
5195.3125,1.4784138891299E-8
5199.21875,1.56514155220007E-8
5203.125,1.56384245194373E-8
5207.03125,1.52315870881717E-8
5210.9375,1.47963071565092E-8
5214.84375,1.41437713317516E-8
5218.75,1.35972922953495E-8
5222.65625,1.3685951296491E-8
5226.5625,1.42320498966788E-8
5230.46875,1.46396135212143E-8
5234.375,1.47624188450708E-8
5238.28125,1.49299381903067E-8
5242.1875,1.49002363865768E-8
5246.09375,1.43688621559473E-8
5250,1.37050930767014E-8
5253.90625,1.32503999393041E-8
5257.8125,1.32751678942816E-8
5261.71875,1.34207188786628E-8
5265.625,1.32628812250745E-8
5269.53125,1.32955989211555E-8
5273.4375,1.34754357657328E-8
5277.34375,1.33394905273815E-8
5281.25,1.30044745545762E-8
5285.15625,1.28787196960385E-8
5289.0625,1.30108992170938E-8
5292.96875,1.30022553819081E-8
5296.875,1.33955612464541E-8
5300.78125,1.40408055372117E-8
5304.6875,1.43654516567414E-8
5308.59375,1.43974783257849E-8
5312.5,1.41831253580661E-8
5316.40625,1.38589360985193E-8
5320.3125,1.39826528987701E-8
5324.21875,1.43809048677413E-8
5328.125,1.45373841389145E-8
5332.03125,1.48471494089951E-8
5335.9375,1.5182098587533E-8
5339.84375,1.4987430876016E-8
5343.75,1.45202443584492E-8
5347.65625,1.46639242273739E-8
5351.5625,1.49952689871726E-8
5355.46875,1.45879467357546E-8
5359.375,1.37751467461991E-8
5363.28125,1.35786192440213E-8
5367.1875,1.37969189465848E-8
5371.09375,1.3933853054849E-8
5375,1.36602130759309E-8
5378.90625,1.362780920319E-8
5382.8125,1.41674023388757E-8
5386.71875,1.41704970051734E-8
5390.625,1.363587914122E-8
5394.53125,1.36290297857685E-8
5398.4375,1.42559237407936E-8
5402.34375,1.41887216287337E-8
5406.25,1.33252536153036E-8
5410.15625,1.32116074467664E-8
5414.0625,1.38172198492238E-8
5417.96875,1.42211300794723E-8
5421.875,1.42918728812549E-8
5425.78125,1.43408094232378E-8
5429.6875,1.41228208207077E-8
5433.59375,1.37927231991049E-8
5437.5,1.35291262583762E-8
5441.40625,1.31895689533792E-8
5445.3125,1.30147888077247E-8
5449.21875,1.30541089117688E-8
5453.125,1.30423501000663E-8
5457.03125,1.3092208925114E-8
5460.9375,1.34847874081939E-8
5464.84375,1.38457440520168E-8
5468.75,1.38618678832954E-8
5472.65625,1.37848883899256E-8
5476.5625,1.35003289976743E-8
5480.46875,1.30975129526425E-8
5484.375,1.31534957944077E-8
5488.28125,1.36364240978395E-8
5492.1875,1.42022203793507E-8
5496.09375,1.40927758256921E-8
5500,1.33354969743349E-8
5503.90625,1.29428079904314E-8
5507.8125,1.29248206788274E-8
5511.71875,1.26988167868448E-8
5515.625,1.26460524745061E-8
5519.53125,1.30131374875884E-8
5523.4375,1.3270451731938E-8
5527.34375,1.33546288707048E-8
5531.25,1.34332439492861E-8
5535.15625,1.34800254279077E-8
5539.0625,1.33625570625344E-8
5542.96875,1.34961744223895E-8
5546.875,1.3852971378909E-8
5550.78125,1.40752212181823E-8
5554.6875,1.42646122930969E-8
5558.59375,1.44884565709405E-8
5562.5,1.44352614730721E-8
5566.40625,1.39033027725395E-8
5570.3125,1.3841860547174E-8
5574.21875,1.41669436192345E-8
5578.125,1.37820266339765E-8
5582.03125,1.37228870673243E-8
5585.9375,1.46408128023043E-8
5589.84375,1.48058788234717E-8
5593.75,1.45529770153126E-8
5597.65625,1.50306861298787E-8
5601.5625,1.52171870586092E-8
5605.46875,1.44872637933486E-8
5609.375,1.35434453545513E-8
5613.28125,1.32295767459689E-8
5617.1875,1.33490798615403E-8
5621.09375,1.35259292112683E-8
5625,1.33753050003747E-8
5628.90625,1.30417194474184E-8
5632.8125,1.31989699704488E-8
5636.71875,1.35619946275859E-8
5640.625,1.33296442933945E-8
5644.53125,1.28679778691094E-8
5648.4375,1.32140785828261E-8
5652.34375,1.38646186149471E-8
5656.25,1.37382977226323E-8
5660.15625,1.31444997841772E-8
5664.0625,1.30985158519001E-8
5667.96875,1.309669535321E-8
5671.875,1.32420769614897E-8
5675.78125,1.41544775696129E-8
5679.6875,1.49959412150468E-8
5683.59375,1.50044737972373E-8
5687.5,1.4524792412072E-8
5691.40625,1.42085705881072E-8
5695.3125,1.41296993254561E-8
5699.21875,1.36839377615634E-8
5703.125,1.26686517514183E-8
5707.03125,1.22269289397811E-8
5710.9375,1.33356797210669E-8
5714.84375,1.4989805710239E-8
5718.75,1.55979810905947E-8
5722.65625,1.48051574376176E-8
5726.5625,1.35653723542451E-8
5730.46875,1.33048438426659E-8
5734.375,1.34042468976397E-8
5738.28125,1.30467539093822E-8
5742.1875,1.28354186867166E-8
5746.09375,1.26964533064598E-8
5750,1.27957310154723E-8
5753.90625,1.35353114402759E-8
5757.8125,1.38776550271488E-8
5761.71875,1.37883521080219E-8
5765.625,1.40314323639062E-8
5769.53125,1.43560718213375E-8
5773.4375,1.46749259511613E-8
5777.34375,1.46888363575795E-8
5781.25,1.43325902241487E-8
5785.15625,1.40285807619356E-8
5789.0625,1.40292177182314E-8
5792.96875,1.41185682737725E-8
5796.875,1.37544797238752E-8
5800.78125,1.32955149100479E-8
5804.6875,1.32299835392781E-8
5808.59375,1.31804483857749E-8
5812.5,1.30146916353231E-8
5816.40625,1.32917991440659E-8
5820.3125,1.32313133800358E-8
5824.21875,1.24361944880859E-8
5828.125,1.18305125171352E-8
5832.03125,1.20543236431407E-8
5835.9375,1.31470102157342E-8
5839.84375,1.42659757508369E-8
5843.75,1.48146199499627E-8
5847.65625,1.47103450102944E-8
5851.5625,1.40309632777073E-8
5855.46875,1.34075486962525E-8
5859.375,1.31099567185683E-8
5863.28125,1.2891535776023E-8
5867.1875,1.27283794689316E-8
5871.09375,1.27645808111378E-8
5875,1.31251558396247E-8
5878.90625,1.35946721700324E-8
5882.8125,1.38073238459026E-8
5886.71875,1.3643682467915E-8
5890.625,1.32077513556084E-8
5894.53125,1.29336268954601E-8
5898.4375,1.31247739309239E-8
5902.34375,1.35218876356106E-8
5906.25,1.39037423050641E-8
5910.15625,1.43220029526961E-8
5914.0625,1.47336925898302E-8
5917.96875,1.47173371787807E-8
5921.875,1.41830335868579E-8
5925.78125,1.37757806783565E-8
5929.6875,1.36638279795437E-8
5933.59375,1.37371170883966E-8
5937.5,1.40487098628122E-8
5941.40625,1.43655853162632E-8
5945.3125,1.44203575175704E-8
5949.21875,1.4278670942045E-8
5953.125,1.43142418015312E-8
5957.03125,1.40222728068411E-8
5960.9375,1.28786014269851E-8
5964.84375,1.19906419430085E-8
5968.75,1.21590516360888E-8
5972.65625,1.27671739005434E-8
5976.5625,1.32461070424588E-8
5980.46875,1.3450994027896E-8
5984.375,1.36069672434987E-8
5988.28125,1.36838520870072E-8
5992.1875,1.37112601458991E-8
5996.09375,1.39624120377699E-8
6000,1.44269342007088E-8
6003.90625,1.47180195920459E-8
6007.8125,1.46773953754257E-8
6011.71875,1.41408699227137E-8
6015.625,1.36511993539363E-8
6019.53125,1.40360335773869E-8
6023.4375,1.42819942237377E-8
6027.34375,1.41021003710611E-8
6031.25,1.40355429408425E-8
6035.15625,1.40576460025533E-8
6039.0625,1.38974082414957E-8
6042.96875,1.34273555000511E-8
6046.875,1.30806389161287E-8
6050.78125,1.3284607009065E-8
6054.6875,1.37665764172252E-8
6058.59375,1.45052896223935E-8
6062.5,1.50155081863347E-8
6066.40625,1.49649486177116E-8
6070.3125,1.47732328711842E-8
6074.21875,1.43629401687347E-8
6078.125,1.3595144766885E-8
6082.03125,1.29472178510802E-8
6085.9375,1.26368815005754E-8
6089.84375,1.27446015657161E-8
6093.75,1.31631561068577E-8
6097.65625,1.35366801616046E-8
6101.5625,1.35914504686928E-8
6105.46875,1.33752518574114E-8
6109.375,1.31916068638061E-8
6113.28125,1.31745142135498E-8
6117.1875,1.32683055701673E-8
6121.09375,1.34899548728702E-8
6125,1.39277799081527E-8
6128.90625,1.42593371308698E-8
6132.8125,1.42528145914937E-8
6136.71875,1.43160796364763E-8
6140.625,1.38808362375397E-8
6144.53125,1.2526393059489E-8
6148.4375,1.19373697088E-8
6152.34375,1.29338060419316E-8
6156.25,1.41977269898802E-8
6160.15625,1.45411701324486E-8
6164.0625,1.33218260940351E-8
6167.96875,1.19076359415752E-8
6171.875,1.19125991125938E-8
6175.78125,1.28235867587167E-8
6179.6875,1.34313004347432E-8
6183.59375,1.3360204594954E-8
6187.5,1.31719319336224E-8
6191.40625,1.32976844482482E-8
6195.3125,1.36476183071447E-8
6199.21875,1.41464117820003E-8
6203.125,1.46950793065205E-8
6207.03125,1.44198530704361E-8
6210.9375,1.35510103498252E-8
6214.84375,1.31771835556974E-8
6218.75,1.34197434980776E-8
6222.65625,1.4126149400133E-8
6226.5625,1.44459382733345E-8
6230.46875,1.39629118552557E-8
6234.375,1.34555282243795E-8
6238.28125,1.34436817495673E-8
6242.1875,1.37565178277878E-8
6246.09375,1.4346545583383E-8
6250,1.50149026184622E-8
6253.90625,1.45203308197099E-8
6257.8125,1.33773387678527E-8
6261.71875,1.3128973612503E-8
6265.625,1.33440508515251E-8
6269.53125,1.33497582282307E-8
6273.4375,1.32636697891576E-8
6277.34375,1.3692004282895E-8
6281.25,1.41724388074763E-8
6285.15625,1.41582394662575E-8
6289.0625,1.42044074018803E-8
6292.96875,1.42988366255434E-8
6296.875,1.40771505883001E-8
6300.78125,1.37938448667903E-8
6304.6875,1.34966367889824E-8
6308.59375,1.28023137921928E-8
6312.5,1.26715697157792E-8
6316.40625,1.35223784774317E-8
6320.3125,1.40346438344588E-8
6324.21875,1.43501451991199E-8
6328.125,1.47791684682435E-8
6332.03125,1.45587792206008E-8
6335.9375,1.36493937310594E-8
6339.84375,1.2950390965968E-8
6343.75,1.27724163196727E-8
6347.65625,1.2951049587495E-8
6351.5625,1.29234914429557E-8
6355.46875,1.29295501071864E-8
6359.375,1.36107848371864E-8
6363.28125,1.40845790140081E-8
6367.1875,1.37696787079311E-8
6371.09375,1.31021349537477E-8
6375,1.28568372002633E-8
6378.90625,1.2942283756051E-8
6382.8125,1.27437997161584E-8
6386.71875,1.28361623148158E-8
6390.625,1.33547290994798E-8
6394.53125,1.35140413050375E-8
6398.4375,1.34077352804072E-8
6402.34375,1.30193721093618E-8
6406.25,1.28535074085576E-8
6410.15625,1.35587331627523E-8
6414.0625,1.45112832899985E-8
6417.96875,1.46163474485632E-8
6421.875,1.40459294618297E-8
6425.78125,1.33745775445921E-8
6429.6875,1.33210901740012E-8
6433.59375,1.43226668199909E-8
6437.5,1.49275389901254E-8
6441.40625,1.43169991102512E-8
6445.3125,1.35590007263487E-8
6449.21875,1.35129264697685E-8
6453.125,1.39831684968878E-8
6457.03125,1.44413270328254E-8
6460.9375,1.43870568659637E-8
6464.84375,1.38869039891711E-8
6468.75,1.37865631088605E-8
6472.65625,1.41774311642319E-8
6476.5625,1.41401348480998E-8
6480.46875,1.34377614653935E-8
6484.375,1.30760799130069E-8
6488.28125,1.31077124446952E-8
6492.1875,1.28466397269667E-8
6496.09375,1.2998180233124E-8
6500,1.39697144699838E-8
6503.90625,1.45829505888185E-8
6507.8125,1.41934259939686E-8
6511.71875,1.3583611020274E-8
6515.625,1.38199026520156E-8
6519.53125,1.42523573254991E-8
6523.4375,1.41000768662724E-8
6527.34375,1.35120246974861E-8
6531.25,1.30679355359922E-8
6535.15625,1.34008168482985E-8
6539.0625,1.42476516854088E-8
6542.96875,1.47233059684637E-8
6546.875,1.45988767226799E-8
6550.78125,1.44658152671059E-8
6554.6875,1.48155003835778E-8
6558.59375,1.51958691197423E-8
6562.5,1.51544091208287E-8
6566.40625,1.46530364608668E-8
6570.3125,1.4141227653907E-8
6574.21875,1.42472979222375E-8
6578.125,1.4408310621223E-8
6582.03125,1.42410998103403E-8
6585.9375,1.38948114905127E-8
6589.84375,1.3775912017946E-8
6593.75,1.38863356240185E-8
6597.65625,1.36959862225233E-8
6601.5625,1.3379623368238E-8
6605.46875,1.35017921979024E-8
6609.375,1.40167365286237E-8
6613.28125,1.42240352356518E-8
6617.1875,1.38963852765236E-8
6621.09375,1.37157089758236E-8
6625,1.38030877907416E-8
6628.90625,1.37977833663117E-8
6632.8125,1.36620814586248E-8
6636.71875,1.33267852181832E-8
6640.625,1.28141956188844E-8
6644.53125,1.24536908150847E-8
6648.4375,1.24239519027811E-8
6652.34375,1.28074884912459E-8
6656.25,1.32522439040344E-8
6660.15625,1.35286970722667E-8
6664.0625,1.38695087886599E-8
6667.96875,1.3813836209756E-8
6671.875,1.32851656800015E-8
6675.78125,1.30264222651918E-8
6679.6875,1.32487438444447E-8
6683.59375,1.35619013759701E-8
6687.5,1.37439522057447E-8
6691.40625,1.39688917491712E-8
6695.3125,1.38252887300335E-8
6699.21875,1.34850386406754E-8
6703.125,1.34911578209517E-8
6707.03125,1.3446487136059E-8
6710.9375,1.33837175608084E-8
6714.84375,1.3529015722079E-8
6718.75,1.37779637014194E-8
6722.65625,1.41075279002915E-8
6726.5625,1.4468416723923E-8
6730.46875,1.44456008686462E-8
6734.375,1.4355682790964E-8
6738.28125,1.42437539745011E-8
6742.1875,1.3577447161287E-8
6746.09375,1.33236546308106E-8
6750,1.36765070411962E-8
6753.90625,1.34650959361331E-8
6757.8125,1.30841740670559E-8
6761.71875,1.33604498789038E-8
6765.625,1.40071917184856E-8
6769.53125,1.43014097179877E-8
6773.4375,1.38489559223205E-8
6777.34375,1.3618605254029E-8
6781.25,1.40592068136472E-8
6785.15625,1.42882385569456E-8
6789.0625,1.42316218009616E-8
6792.96875,1.41337754449285E-8
6796.875,1.35461176391717E-8
6800.78125,1.30093971252475E-8
6804.6875,1.30438328276294E-8
6808.59375,1.32576503200419E-8
6812.5,1.31936542548272E-8
6816.40625,1.34313684762472E-8
6820.3125,1.45045074633684E-8
6824.21875,1.48356556683172E-8
6828.125,1.37585777708595E-8
6832.03125,1.26675033244733E-8
6835.9375,1.23276819407557E-8
6839.84375,1.26104032235191E-8
6843.75,1.29400196755363E-8
6847.65625,1.27017518046837E-8
6851.5625,1.28315229248515E-8
6855.46875,1.40384575700809E-8
6859.375,1.49997111655662E-8
6863.28125,1.50274350478152E-8
6867.1875,1.4454230967195E-8
6871.09375,1.36889754268469E-8
6875,1.287408703789E-8
6878.90625,1.18194401365181E-8
6882.8125,1.13778266827311E-8
6886.71875,1.23823252878035E-8
6890.625,1.31243779438695E-8
6894.53125,1.320667357322E-8
6898.4375,1.35573843712011E-8
6902.34375,1.35175395965601E-8
6906.25,1.31893694843772E-8
6910.15625,1.31460475306818E-8
6914.0625,1.33943255913158E-8
6917.96875,1.40055091075747E-8
6921.875,1.42806103173008E-8
6925.78125,1.41215762416043E-8
6929.6875,1.37609681259902E-8
6933.59375,1.31994406498078E-8
6937.5,1.29623977076245E-8
6941.40625,1.30792238824253E-8
6945.3125,1.33803257130266E-8
6949.21875,1.3733546345862E-8
6953.125,1.37139185777786E-8
6957.03125,1.3493591444209E-8
6960.9375,1.32078799567126E-8
6964.84375,1.28176991076127E-8
6968.75,1.277661477529E-8
6972.65625,1.33704439611466E-8
6976.5625,1.39718447282791E-8
6980.46875,1.39958596848107E-8
6984.375,1.37084160158077E-8
6988.28125,1.3656707395061E-8
6992.1875,1.4100266725394E-8
6996.09375,1.44230548579952E-8
7000,1.4220533527364E-8
7003.90625,1.36842069245928E-8
7007.8125,1.34183256993166E-8
7011.71875,1.34214802865925E-8
7015.625,1.31629436141769E-8
7019.53125,1.29228607044928E-8
7023.4375,1.31405853632564E-8
7027.34375,1.35380910204481E-8
7031.25,1.38917158800533E-8
7035.15625,1.42150809589725E-8
7039.0625,1.42350377759298E-8
7042.96875,1.38971624710697E-8
7046.875,1.37716421698182E-8
7050.78125,1.39750606444105E-8
7054.6875,1.35954170458309E-8
7058.59375,1.27024320388958E-8
7062.5,1.2318293800577E-8
7066.40625,1.26473605067183E-8
7070.3125,1.32719180182511E-8
7074.21875,1.35938695325604E-8
7078.125,1.37718486220608E-8
7082.03125,1.4110491772941E-8
7085.9375,1.39664074329916E-8
7089.84375,1.34442777543556E-8
7093.75,1.33231717108511E-8
7097.65625,1.34192406472465E-8
7101.5625,1.30631028641857E-8
7105.46875,1.29493773076536E-8
7109.375,1.33572981555382E-8
7113.28125,1.33833837257921E-8
7117.1875,1.32373183257518E-8
7121.09375,1.33526870489401E-8
7125,1.37004292316085E-8
7128.90625,1.41990949198568E-8
7132.8125,1.45148725787361E-8
7136.71875,1.43755632150024E-8
7140.625,1.4049823577426E-8
7144.53125,1.38561462644827E-8
7148.4375,1.38761223586079E-8
7152.34375,1.39923714648455E-8
7156.25,1.40154113956245E-8
7160.15625,1.3867180412982E-8
7164.0625,1.37047509042685E-8
7167.96875,1.35810467108003E-8
7171.875,1.34059739877968E-8
7175.78125,1.31901981358347E-8
7179.6875,1.25857697780743E-8
7183.59375,1.23285086084475E-8
7187.5,1.31325196516838E-8
7191.40625,1.37386041199432E-8
7195.3125,1.37723633985888E-8
7199.21875,1.42900571266123E-8
7203.125,1.5048040158944E-8
7207.03125,1.50803911575365E-8
7210.9375,1.43909183298579E-8
7214.84375,1.37097472552609E-8
7218.75,1.35486606247831E-8
7222.65625,1.3644934104008E-8
7226.5625,1.37922894988407E-8
7230.46875,1.40291242822377E-8
7234.375,1.3933022916159E-8
7238.28125,1.38538716144906E-8
7242.1875,1.40953020507882E-8
7246.09375,1.42867163363221E-8
7250,1.43726039069317E-8
7253.90625,1.42193059404302E-8
7257.8125,1.38950772330349E-8
7261.71875,1.38385516403104E-8
7265.625,1.42206536187556E-8
7269.53125,1.42220083092355E-8
7273.4375,1.36489500658141E-8
7277.34375,1.38553994156074E-8
7281.25,1.43281254783562E-8
7285.15625,1.39025863445788E-8
7289.0625,1.37555796798281E-8
7292.96875,1.47429035541375E-8
7296.875,1.52762364539316E-8
7300.78125,1.47164734541234E-8
7304.6875,1.38231819649198E-8
7308.59375,1.32233811962366E-8
7312.5,1.3156500581768E-8
7316.40625,1.33940823061263E-8
7320.3125,1.33645071203635E-8
7324.21875,1.31563883180762E-8
7328.125,1.32948573832915E-8
7332.03125,1.36143660797759E-8
7335.9375,1.39690318464193E-8
7339.84375,1.42488165797022E-8
7343.75,1.39954817483608E-8
7347.65625,1.36424929689386E-8
7351.5625,1.37154040862023E-8
7355.46875,1.39847534624484E-8
7359.375,1.41955129265805E-8
7363.28125,1.39692611535057E-8
7367.1875,1.35098069014578E-8
7371.09375,1.3389676218657E-8
7375,1.34756988179948E-8
7378.90625,1.36361011882854E-8
7382.8125,1.37221598744995E-8
7386.71875,1.36840598637441E-8
7390.625,1.37691497520971E-8
7394.53125,1.37514914799817E-8
7398.4375,1.36834689060494E-8
7402.34375,1.375294876628E-8
7406.25,1.37554790163748E-8
7410.15625,1.31640025370546E-8
7414.0625,1.2961493955579E-8
7417.96875,1.36387769772854E-8
7421.875,1.40468528183915E-8
7425.78125,1.35752434533853E-8
7429.6875,1.3095305317023E-8
7433.59375,1.32020196467815E-8
7437.5,1.3813157243873E-8
7441.40625,1.45619726493887E-8
7445.3125,1.48517061267585E-8
7449.21875,1.45543515143265E-8
7453.125,1.36213807135365E-8
7457.03125,1.30910553460137E-8
7460.9375,1.32876120206956E-8
7464.84375,1.32068420262017E-8
7468.75,1.28119932032269E-8
7472.65625,1.28846661541187E-8
7476.5625,1.3349502375322E-8
7480.46875,1.37590239393888E-8
7484.375,1.4100482768871E-8
7488.28125,1.41779559563817E-8
7492.1875,1.3863931482582E-8
7496.09375,1.32871680860418E-8
7500,1.3203777383648E-8
7503.90625,1.3942247728379E-8
7507.8125,1.44935897461229E-8
7511.71875,1.44686502387413E-8
7515.625,1.44523838735173E-8
7519.53125,1.44654432275664E-8
7523.4375,1.4298728811514E-8
7527.34375,1.42656573850863E-8
7531.25,1.44377757256714E-8
7535.15625,1.4467866098925E-8
7539.0625,1.42317645009648E-8
7542.96875,1.43364180661155E-8
7546.875,1.47759720010005E-8
7550.78125,1.46841511467667E-8
7554.6875,1.44865010523546E-8
7558.59375,1.45100007770085E-8
7562.5,1.45240329130846E-8
7566.40625,1.41615890539306E-8
7570.3125,1.3543510106267E-8
7574.21875,1.32041807771135E-8
7578.125,1.33366384081588E-8
7582.03125,1.37906241772802E-8
7585.9375,1.42376172114865E-8
7589.84375,1.43834292637827E-8
7593.75,1.40387291416682E-8
7597.65625,1.35542981908684E-8
7601.5625,1.32235724732479E-8
7605.46875,1.32226467785016E-8
7609.375,1.35965142543504E-8
7613.28125,1.39807289756091E-8
7617.1875,1.39685381956234E-8
7621.09375,1.33711108882088E-8
7625,1.3036400508792E-8
7628.90625,1.34661215018066E-8
7632.8125,1.3832020213525E-8
7636.71875,1.38194784885297E-8
7640.625,1.37251208756943E-8
7644.53125,1.34194642152639E-8
7648.4375,1.33190436590883E-8
7652.34375,1.37688721929985E-8
7656.25,1.41275732671218E-8
7660.15625,1.40319251177925E-8
7664.0625,1.39121996043391E-8
7667.96875,1.42693737978998E-8
7671.875,1.44258630381133E-8
7675.78125,1.42736202191349E-8
7679.6875,1.40759170548219E-8
7683.59375,1.37013772194603E-8
7687.5,1.35686750841671E-8
7691.40625,1.36982473301739E-8
7695.3125,1.38498950769595E-8
7699.21875,1.39004222290774E-8
7703.125,1.39058846612166E-8
7707.03125,1.41549745181041E-8
7710.9375,1.43974039501731E-8
7714.84375,1.4498943943803E-8
7718.75,1.4390138293744E-8
7722.65625,1.41311372063023E-8
7726.5625,1.39627419457632E-8
7730.46875,1.41878901365245E-8
7734.375,1.48811995944988E-8
7738.28125,1.5286566227502E-8
7742.1875,1.50039114669986E-8
7746.09375,1.46055259733734E-8
7750,1.44325414692162E-8
7753.90625,1.37866026139681E-8
7757.8125,1.28522598609831E-8
7761.71875,1.28624622084915E-8
7765.625,1.32648285383377E-8
7769.53125,1.32447772931203E-8
7773.4375,1.31502312925608E-8
7777.34375,1.33082743503954E-8
7781.25,1.36772771571088E-8
7785.15625,1.42009574073071E-8
7789.0625,1.46401059823825E-8
7792.96875,1.43937193117054E-8
7796.875,1.36074502676203E-8
7800.78125,1.29611214689043E-8
7804.6875,1.27168646218609E-8
7808.59375,1.2959459036494E-8
7812.5,1.35734250060073E-8
7816.40625,1.43714914399961E-8
7820.3125,1.47894109964592E-8
7824.21875,1.4823109935002E-8
7828.125,1.45232028210687E-8
7832.03125,1.41247234289631E-8
7835.9375,1.39542140643354E-8
7839.84375,1.38665047247882E-8
7843.75,1.38490625719009E-8
7847.65625,1.40540404376849E-8
7851.5625,1.41111296111382E-8
7855.46875,1.37803506938453E-8
7859.375,1.31758062146545E-8
7863.28125,1.282095251849E-8
7867.1875,1.28663270782909E-8
7871.09375,1.29562746051904E-8
7875,1.28717944671818E-8
7878.90625,1.27529879026192E-8
7882.8125,1.27625745294713E-8
7886.71875,1.30370462883011E-8
7890.625,1.37750334930911E-8
7894.53125,1.44076917058575E-8
7898.4375,1.47419549140907E-8
7902.34375,1.45734288673111E-8
7906.25,1.41046563410754E-8
7910.15625,1.40107711254213E-8
7914.0625,1.43367194073098E-8
7917.96875,1.45557252493496E-8
7921.875,1.43550538898157E-8
7925.78125,1.42912353586802E-8
7929.6875,1.4129221741565E-8
7933.59375,1.36879085597223E-8
7937.5,1.37645512037315E-8
7941.40625,1.3951696698528E-8
7945.3125,1.34616512186642E-8
7949.21875,1.26816000564363E-8
7953.125,1.22022748405227E-8
7957.03125,1.26208391176872E-8
7960.9375,1.34225084970415E-8
7964.84375,1.36193908443999E-8
7968.75,1.36682706360066E-8
7972.65625,1.41011479001261E-8
7976.5625,1.4234142191386E-8
7980.46875,1.40826113314847E-8
7984.375,1.4089247391274E-8
7988.28125,1.4230729893522E-8
7992.1875,1.41768190992198E-8
7996.09375,1.32602688151116E-8
8000,1.20553792514032E-8
8003.90625,1.16702903911381E-8
8007.8125,1.19237111783178E-8
8011.71875,1.23420127327925E-8
8015.625,1.29671931624565E-8
8019.53125,1.37372938204113E-8
8023.4375,1.38953934600139E-8
8027.34375,1.37369766419423E-8
8031.25,1.3883600498411E-8
8035.15625,1.36147756146175E-8
8039.0625,1.297226722185E-8
8042.96875,1.27207889669458E-8
8046.875,1.2999719126471E-8
8050.78125,1.3414370067412E-8
8054.6875,1.39031606850355E-8
8058.59375,1.43219913508581E-8
8062.5,1.43381700060938E-8
8066.40625,1.40898508122579E-8
8070.3125,1.40819525355656E-8
8074.21875,1.41526637552159E-8
8078.125,1.41646993278003E-8
8082.03125,1.45553853159129E-8
8085.9375,1.49732275975142E-8
8089.84375,1.45309965717518E-8
8093.75,1.36831592502178E-8
8097.65625,1.34494710788181E-8
8101.5625,1.38525382321364E-8
8105.46875,1.41031601239342E-8
8109.375,1.36367517382929E-8
8113.28125,1.31318258450645E-8
8117.1875,1.33134451495031E-8
8121.09375,1.35443607105884E-8
8125,1.33988155806803E-8
8128.90625,1.33226617505438E-8
8132.8125,1.38035592707938E-8
8136.71875,1.41752178381993E-8
8140.625,1.41242241089704E-8
8144.53125,1.3603827168665E-8
8148.4375,1.26871754281377E-8
8152.34375,1.23277867748727E-8
8156.25,1.32415352953763E-8
8160.15625,1.47515624737529E-8
8164.0625,1.55252413567637E-8
8167.96875,1.54274517044505E-8
8171.875,1.53885816381852E-8
8175.78125,1.47888361192836E-8
8179.6875,1.34574181652894E-8
8183.59375,1.33833995900412E-8
8187.5,1.44076032872063E-8
8191.40625,1.48394968206859E-8
8195.3125,1.47254607353341E-8
8199.21875,1.43531393656939E-8
8203.125,1.37051887217987E-8
8207.03125,1.3334061217806E-8
8210.9375,1.3433447356052E-8
8214.84375,1.38295874046855E-8
8218.75,1.43631156272768E-8
8222.65625,1.47042705134517E-8
8226.5625,1.47748342991103E-8
8230.46875,1.45296694195067E-8
8234.375,1.42282445823341E-8
8238.28125,1.3803936443241E-8
8242.1875,1.33877387908023E-8
8246.09375,1.36194809912163E-8
8250,1.42557586186928E-8
8253.90625,1.46868729496875E-8
8257.8125,1.46229811797507E-8
8261.71875,1.39980400403405E-8
8265.625,1.30500690542697E-8
8269.53125,1.25424068360556E-8
8273.4375,1.30044944302913E-8
8277.34375,1.37976435373805E-8
8281.25,1.43970442489042E-8
8285.15625,1.45417040160001E-8
8289.0625,1.3877893160973E-8
8292.96875,1.30091693484217E-8
8296.875,1.25540993477359E-8
8300.78125,1.23794946212556E-8
8304.6875,1.26870561011111E-8
8308.59375,1.32115103245447E-8
8312.5,1.3455779317119E-8
8316.40625,1.39184022487102E-8
8320.3125,1.46878823400472E-8
8324.21875,1.48914339342979E-8
8328.125,1.45175828798649E-8
8332.03125,1.42232473453243E-8
8335.9375,1.41536890682897E-8
8339.84375,1.42527407563348E-8
8343.75,1.41398306230921E-8
8347.65625,1.33240765651992E-8
8351.5625,1.2427127889841E-8
8355.46875,1.24628240102212E-8
8359.375,1.34431344730525E-8
8363.28125,1.45535447175352E-8
8367.1875,1.50103136490132E-8
8371.09375,1.47852103202722E-8
8375,1.44842673984787E-8
8378.90625,1.42719981254025E-8
8382.8125,1.39785320518725E-8
8386.71875,1.37141918641744E-8
8390.625,1.38481266938151E-8
8394.53125,1.35615297244743E-8
8398.4375,1.29351963054969E-8
8402.34375,1.32059480125833E-8
8406.25,1.35434903399866E-8
8410.15625,1.34926185949125E-8
8414.0625,1.39468571845322E-8
8417.96875,1.41442229711369E-8
8421.875,1.34178338030273E-8
8425.78125,1.29629225528211E-8
8429.6875,1.28962902953469E-8
8433.59375,1.2992008626366E-8
8437.5,1.33155500659263E-8
8441.40625,1.37942852101967E-8
8445.3125,1.41025585815816E-8
8449.21875,1.37586925012917E-8
8453.125,1.32027803826289E-8
8457.03125,1.33478917723939E-8
8460.9375,1.36232625532222E-8
8464.84375,1.35603125966334E-8
8468.75,1.36977344857279E-8
8472.65625,1.39897184370837E-8
8476.5625,1.41921674428493E-8
8480.46875,1.43745691404027E-8
8484.375,1.4424037911223E-8
8488.28125,1.41076535340205E-8
8492.1875,1.38901096648231E-8
8496.09375,1.40536489582227E-8
8500,1.4284313146046E-8
8503.90625,1.43247491011693E-8
8507.8125,1.43177134993202E-8
8511.71875,1.49393575060663E-8
8515.625,1.49629838075701E-8
8519.53125,1.33504980995901E-8
8523.4375,1.20386425073942E-8
8527.34375,1.23769336767226E-8
8531.25,1.34974513637792E-8
8535.15625,1.41646432811291E-8
8539.0625,1.38904452774795E-8
8542.96875,1.38055914664618E-8
8546.875,1.35037153129136E-8
8550.78125,1.26896126553756E-8
8554.6875,1.31852884562511E-8
8558.59375,1.42850912061917E-8
8562.5,1.46584382169883E-8
8566.40625,1.47079677317061E-8
8570.3125,1.48586541393757E-8
8574.21875,1.49377218060035E-8
8578.125,1.47637919777037E-8
8582.03125,1.45700478786753E-8
8585.9375,1.46820406165235E-8
8589.84375,1.44905392361274E-8
8593.75,1.37664235307099E-8
8597.65625,1.35059313752686E-8
8601.5625,1.42536526585051E-8
8605.46875,1.50581200318452E-8
8609.375,1.47991917195147E-8
8613.28125,1.40163716685173E-8
8617.1875,1.39423132763498E-8
8621.09375,1.4339328834422E-8
8625,1.45287017735078E-8
8628.90625,1.44322760287388E-8
8632.8125,1.36372919216866E-8
8636.71875,1.28279382971299E-8
8640.625,1.31539912596629E-8
8644.53125,1.40224933435316E-8
8648.4375,1.42909595422281E-8
8652.34375,1.4256874288869E-8
8656.25,1.43749525222775E-8
8660.15625,1.45463989348398E-8
8664.0625,1.4728085902383E-8
8667.96875,1.48375900560887E-8
8671.875,1.44455657218713E-8
8675.78125,1.3648512473313E-8
8679.6875,1.3549598111057E-8
8683.59375,1.4219587691064E-8
8687.5,1.46101112947424E-8
8691.40625,1.42483488193546E-8
8695.3125,1.36811972591253E-8
8699.21875,1.33904676565706E-8
8703.125,1.32635034498856E-8
8707.03125,1.34837632622364E-8
8710.9375,1.38313020955401E-8
8714.84375,1.38731510006611E-8
8718.75,1.3970253672762E-8
8722.65625,1.41423419155244E-8
8726.5625,1.38692585303217E-8
8730.46875,1.34698412640984E-8
8734.375,1.3585090392351E-8
8738.28125,1.38742668314936E-8
8742.1875,1.38095560282905E-8
8746.09375,1.36775221542186E-8
8750,1.3784147725623E-8
8753.90625,1.42088246153879E-8
8757.8125,1.44890376321446E-8
8761.71875,1.40441555268383E-8
8765.625,1.35192856715943E-8
8769.53125,1.36142636941406E-8
8773.4375,1.38512460415248E-8
8777.34375,1.4215032903706E-8
8781.25,1.45254463756137E-8
8785.15625,1.43730316570939E-8
8789.0625,1.41223083602426E-8
8792.96875,1.4253850834072E-8
8796.875,1.46773085815163E-8
8800.78125,1.49659972333957E-8
8804.6875,1.5281651696668E-8
8808.59375,1.55388622553056E-8
8812.5,1.52433909084708E-8
8816.40625,1.43838643933113E-8
8820.3125,1.34870750255277E-8
8824.21875,1.25175968088762E-8
8828.125,1.20257000698442E-8
8832.03125,1.26359047894124E-8
8835.9375,1.36738433611634E-8
8839.84375,1.44996079862876E-8
8843.75,1.47644322290434E-8
8847.65625,1.463824450563E-8
8851.5625,1.44644444806235E-8
8855.46875,1.44032354992298E-8
8859.375,1.45363535024078E-8
8863.28125,1.45805069548015E-8
8867.1875,1.44576556411747E-8
8871.09375,1.46814206652788E-8
8875,1.50220191108868E-8
8878.90625,1.46569084673849E-8
8882.8125,1.41703119957005E-8
8886.71875,1.37797879823896E-8
8890.625,1.30038754294755E-8
8894.53125,1.24523987639246E-8
8898.4375,1.2710925358861E-8
8902.34375,1.31452266297546E-8
8906.25,1.33268066912373E-8
8910.15625,1.34232801189673E-8
8914.0625,1.34721423826442E-8
8917.96875,1.38067421757722E-8
8921.875,1.43512078620745E-8
8925.78125,1.45596966819142E-8
8929.6875,1.42862711401309E-8
8933.59375,1.41938480876733E-8
8937.5,1.47182798792109E-8
8941.40625,1.51658925874138E-8
8945.3125,1.4944567441394E-8
8949.21875,1.43461730246623E-8
8953.125,1.3601346757123E-8
8957.03125,1.30535658104018E-8
8960.9375,1.34238900952831E-8
8964.84375,1.43312723959851E-8
8968.75,1.44349628285235E-8
8972.65625,1.39678462621323E-8
8976.5625,1.39730544170987E-8
8980.46875,1.41926728279487E-8
8984.375,1.43239480613208E-8
8988.28125,1.40362144377385E-8
8992.1875,1.35709397179666E-8
8996.09375,1.33058928602359E-8
9000,1.30082858772055E-8
9003.90625,1.30321582449996E-8
9007.8125,1.34937652087818E-8
9011.71875,1.36154522693669E-8
9015.625,1.32414516384028E-8
9019.53125,1.33201372981155E-8
9023.4375,1.42530082450495E-8
9027.34375,1.49026920145692E-8
9031.25,1.50004773498453E-8
9035.15625,1.45846710160347E-8
9039.0625,1.38451019885917E-8
9042.96875,1.34129166008906E-8
9046.875,1.31696288276349E-8
9050.78125,1.2891971136962E-8
9054.6875,1.2910985217622E-8
9058.59375,1.32172190603262E-8
9062.5,1.37146785158737E-8
9066.40625,1.43504378895654E-8
9070.3125,1.45509933723291E-8
9074.21875,1.42452457929946E-8
9078.125,1.40435652609221E-8
9082.03125,1.44552419147141E-8
9085.9375,1.50854471345704E-8
9089.84375,1.52394940659245E-8
9093.75,1.50888368298663E-8
9097.65625,1.46817847169004E-8
9101.5625,1.37930471268252E-8
9105.46875,1.30112163583855E-8
9109.375,1.28365355509797E-8
9113.28125,1.33358735406219E-8
9117.1875,1.43062441496278E-8
9121.09375,1.48848950375144E-8
9125,1.49991425022927E-8
9128.90625,1.53286955707876E-8
9132.8125,1.55118679656336E-8
9136.71875,1.47587903089408E-8
9140.625,1.40827463644542E-8
9144.53125,1.43747162009906E-8
9148.4375,1.45440964115538E-8
9152.34375,1.41617650516139E-8
9156.25,1.42211560441753E-8
9160.15625,1.49358121297522E-8
9164.0625,1.54492322473043E-8
9167.96875,1.50054255269855E-8
9171.875,1.42504270609012E-8
9175.78125,1.42229805949699E-8
9179.6875,1.45786176057204E-8
9183.59375,1.43540082324398E-8
9187.5,1.36719637571929E-8
9191.40625,1.34995173317837E-8
9195.3125,1.35506193249782E-8
9199.21875,1.32525692009934E-8
9203.125,1.30138276911218E-8
9207.03125,1.33368010666393E-8
9210.9375,1.3872728465262E-8
9214.84375,1.38694222636814E-8
9218.75,1.37221592017779E-8
9222.65625,1.38034783512488E-8
9226.5625,1.39040012376607E-8
9230.46875,1.394169486202E-8
9234.375,1.38871054042215E-8
9238.28125,1.39573923756078E-8
9242.1875,1.43892157951509E-8
9246.09375,1.48701400361914E-8
9250,1.46888376144787E-8
9253.90625,1.3990476590612E-8
9257.8125,1.32674275264623E-8
9261.71875,1.259828816311E-8
9265.625,1.24566769195549E-8
9269.53125,1.29386584686104E-8
9273.4375,1.31609244118917E-8
9277.34375,1.29464941493716E-8
9281.25,1.32164682355675E-8
9285.15625,1.35623567372702E-8
9289.0625,1.34253602512319E-8
9292.96875,1.33872940391485E-8
9296.875,1.36472293739251E-8
9300.78125,1.38818902725118E-8
9304.6875,1.39277600244371E-8
9308.59375,1.42619464764465E-8
9312.5,1.48281783096187E-8
9316.40625,1.52052833659886E-8
9320.3125,1.50937511474754E-8
9324.21875,1.46846402284427E-8
9328.125,1.43453583806956E-8
9332.03125,1.39826066854624E-8
9335.9375,1.35822157642984E-8
9339.84375,1.37557890574511E-8
9343.75,1.42384671945832E-8
9347.65625,1.40301342791772E-8
9351.5625,1.30729740245826E-8
9355.46875,1.22430961502486E-8
9359.375,1.26508430668268E-8
9363.28125,1.31887913571752E-8
9367.1875,1.28079130150001E-8
9371.09375,1.22456666153964E-8
9375,1.23003771182191E-8
9378.90625,1.25941885821758E-8
9382.8125,1.25973553582126E-8
9386.71875,1.29741364864038E-8
9390.625,1.36857550151635E-8
9394.53125,1.38762474264465E-8
9398.4375,1.36192586731769E-8
9402.34375,1.34629156640033E-8
9406.25,1.34591994745816E-8
9410.15625,1.37538273594499E-8
9414.0625,1.41282887404149E-8
9417.96875,1.41852177106802E-8
9421.875,1.38334309798825E-8
9425.78125,1.35482661253391E-8
9429.6875,1.36319534561081E-8
9433.59375,1.39960041290304E-8
9437.5,1.44664897637934E-8
9441.40625,1.44505212122151E-8
9445.3125,1.42714690294403E-8
9449.21875,1.43157894676969E-8
9453.125,1.39770527142368E-8
9457.03125,1.39500021000917E-8
9460.9375,1.44146289564076E-8
9464.84375,1.40560928990227E-8
9468.75,1.32437485275114E-8
9472.65625,1.37727541601117E-8
9476.5625,1.46520007288408E-8
9480.46875,1.44421848414096E-8
9484.375,1.36732425101177E-8
9488.28125,1.34357292864103E-8
9492.1875,1.41158147120934E-8
9496.09375,1.44000793070298E-8
9500,1.36108594418883E-8
9503.90625,1.29998867106855E-8
9507.8125,1.33819972557283E-8
9511.71875,1.41537418972947E-8
9515.625,1.40095620576565E-8
9519.53125,1.30321249529954E-8
9523.4375,1.23531622314638E-8
9527.34375,1.24714782884127E-8
9531.25,1.28431980401809E-8
9535.15625,1.34371287610729E-8
9539.0625,1.38603727638663E-8
9542.96875,1.36286728342489E-8
9546.875,1.33212197598565E-8
9550.78125,1.34179280558808E-8
9554.6875,1.34769092032465E-8
9558.59375,1.34157435586526E-8
9562.5,1.35701322754926E-8
9566.40625,1.37493445373889E-8
9570.3125,1.3966093474917E-8
9574.21875,1.43075681542506E-8
9578.125,1.43853423234997E-8
9582.03125,1.39435493606866E-8
9585.9375,1.34270523128396E-8
9589.84375,1.3463807698515E-8
9593.75,1.3744414968233E-8
9597.65625,1.32751192180793E-8
9601.5625,1.26017183566542E-8
9605.46875,1.27938530015347E-8
9609.375,1.34455424604062E-8
9613.28125,1.39863976496263E-8
9617.1875,1.45286719107874E-8
9621.09375,1.49502862086784E-8
9625,1.49965912529033E-8
9628.90625,1.45473666728004E-8
9632.8125,1.37795722702389E-8
9636.71875,1.35991245214478E-8
9640.625,1.4073246979766E-8
9644.53125,1.43676742272914E-8
9648.4375,1.44979799775835E-8
9652.34375,1.43403865054203E-8
9656.25,1.41064684755489E-8
9660.15625,1.43978912316765E-8
9664.0625,1.43660081348303E-8
9667.96875,1.35756691280188E-8
9671.875,1.30390443201055E-8
9675.78125,1.29693393282648E-8
9679.6875,1.29682630865248E-8
9683.59375,1.30213820691753E-8
9687.5,1.32319566233519E-8
9691.40625,1.33965218499466E-8
9695.3125,1.340682505565E-8
9699.21875,1.34638810607524E-8
9703.125,1.35319002872427E-8
9707.03125,1.34408469319017E-8
9710.9375,1.33556214480324E-8
9714.84375,1.3480145268316E-8
9718.75,1.34868382046362E-8
9722.65625,1.34067603323231E-8
9726.5625,1.34175193927357E-8
9730.46875,1.3418338082487E-8
9734.375,1.3696828031698E-8
9738.28125,1.42323910667722E-8
9742.1875,1.44142728870828E-8
9746.09375,1.4159510160232E-8
9750,1.39340438538786E-8
9753.90625,1.40686533440169E-8
9757.8125,1.37062811839364E-8
9761.71875,1.29079854963055E-8
9765.625,1.25905715764616E-8
9769.53125,1.30757198682736E-8
9773.4375,1.3895908974282E-8
9777.34375,1.42764959425848E-8
9781.25,1.4195114943789E-8
9785.15625,1.40772509188055E-8
9789.0625,1.43813561208131E-8
9792.96875,1.49553583942199E-8
9796.875,1.50447044710996E-8
9800.78125,1.49226330331375E-8
9804.6875,1.51515367419605E-8
9808.59375,1.50755392288632E-8
9812.5,1.45619466584535E-8
9816.40625,1.4501509538954E-8
9820.3125,1.4354052606902E-8
9824.21875,1.36092214354938E-8
9828.125,1.27994112100079E-8
9832.03125,1.24454899826668E-8
9835.9375,1.2800790108753E-8
9839.84375,1.28915329117576E-8
9843.75,1.26265992358688E-8
9847.65625,1.27096311316842E-8
9851.5625,1.33473052959272E-8
9855.46875,1.42850395091575E-8
9859.375,1.49011681356569E-8
9863.28125,1.47473040699121E-8
9867.1875,1.39263024707758E-8
9871.09375,1.30069211687995E-8
9875,1.27868031196562E-8
9878.90625,1.31228782895651E-8
9882.8125,1.36060391377923E-8
9886.71875,1.40360243698885E-8
9890.625,1.3946738045003E-8
9894.53125,1.38046733710144E-8
9898.4375,1.44551729451786E-8
9902.34375,1.52802924777547E-8
9906.25,1.55203863435086E-8
9910.15625,1.51875097114496E-8
9914.0625,1.48543754776563E-8
9917.96875,1.46067722919071E-8
9921.875,1.43183453299835E-8
9925.78125,1.39021985683558E-8
9929.6875,1.34179899734533E-8
9933.59375,1.30889510010237E-8
9937.5,1.30680188909646E-8
9941.40625,1.32315177980586E-8
9945.3125,1.29259898076965E-8
9949.21875,1.23453511248385E-8
9953.125,1.29465169662007E-8
9957.03125,1.43519822956754E-8
9960.9375,1.42575081681993E-8
9964.84375,1.28098502215372E-8
9968.75,1.22881336888457E-8
9972.65625,1.29604590856589E-8
9976.5625,1.33401693817032E-8
9980.46875,1.31302996226739E-8
9984.375,1.32690778109781E-8
9988.28125,1.37525460310171E-8
9992.1875,1.42769052350332E-8
9996.09375,1.46748278197589E-8
10000,1.42367269764636E-8
10003.90625,1.33722147658071E-8
10007.8125,1.30372303862489E-8
10011.71875,1.3202371352718E-8
10015.625,1.35373000302161E-8
10019.53125,1.35609347886074E-8
10023.4375,1.35134620393667E-8
10027.34375,1.38397002761378E-8
10031.25,1.41279770729413E-8
10035.15625,1.4035439023663E-8
10039.0625,1.35557324123666E-8
10042.96875,1.29259983775849E-8
10046.875,1.2825112772232E-8
10050.78125,1.312258495065E-8
10054.6875,1.29875592448141E-8
10058.59375,1.25021109497245E-8
10062.5,1.25455344401617E-8
10066.40625,1.32106809136105E-8
10070.3125,1.34057075015609E-8
10074.21875,1.33651667460828E-8
10078.125,1.33856845352599E-8
10082.03125,1.32618580402735E-8
10085.9375,1.332780965212E-8
10089.84375,1.34643294530292E-8
10093.75,1.33600650229217E-8
10097.65625,1.31591455178543E-8
10101.5625,1.28494892546161E-8
10105.46875,1.28118649514621E-8
10109.375,1.33148345980707E-8
10113.28125,1.37031517410926E-8
10117.1875,1.39606870011004E-8
10121.09375,1.42070781673238E-8
10125,1.38532339258985E-8
10128.90625,1.34697775288956E-8
10132.8125,1.36991469517751E-8
10136.71875,1.39494766732179E-8
10140.625,1.40190157014332E-8
10144.53125,1.40264347696602E-8
10148.4375,1.40670765191718E-8
10152.34375,1.40661420210379E-8
10156.25,1.37061444625542E-8
10160.15625,1.37603522953636E-8
10164.0625,1.4453281263518E-8
10167.96875,1.43963344376827E-8
10171.875,1.29359962816346E-8
10175.78125,1.16092844880972E-8
10179.6875,1.18696404521659E-8
10183.59375,1.29939610123027E-8
10187.5,1.37739645791341E-8
10191.40625,1.38415444310089E-8
10195.3125,1.36028242003541E-8
10199.21875,1.3318461457201E-8
10203.125,1.30712255345556E-8
10207.03125,1.33049437526645E-8
10210.9375,1.35165240788419E-8
10214.84375,1.33098758761614E-8
10218.75,1.32046177145372E-8
10222.65625,1.30307117352362E-8
10226.5625,1.24440583613308E-8
10230.46875,1.21383765120479E-8
10234.375,1.27673857498841E-8
10238.28125,1.38741430765058E-8
10242.1875,1.45505213688391E-8
10246.09375,1.46629522204569E-8
10250,1.41648244544521E-8
10253.90625,1.32789821628329E-8
10257.8125,1.30943599799307E-8
10261.71875,1.37264767229695E-8
10265.625,1.44193601291582E-8
10269.53125,1.42730970040971E-8
10273.4375,1.33746141253817E-8
10277.34375,1.29818881781533E-8
10281.25,1.35789401214214E-8
10285.15625,1.46995638463806E-8
10289.0625,1.54147905638968E-8
10292.96875,1.51881278465704E-8
10296.875,1.48571027542805E-8
10300.78125,1.49456409578302E-8
10304.6875,1.50550005733753E-8
10308.59375,1.51061197774901E-8
10312.5,1.49248604583143E-8
10316.40625,1.46549571594015E-8
10320.3125,1.49108111666518E-8
10324.21875,1.5147928286813E-8
10328.125,1.50217136958841E-8
10332.03125,1.47539402361089E-8
10335.9375,1.43417723676599E-8
10339.84375,1.40854316784529E-8
10343.75,1.46064815780268E-8
10347.65625,1.50858075553261E-8
10351.5625,1.45328863950685E-8
10355.46875,1.3857801713707E-8
10359.375,1.38163599862151E-8
10363.28125,1.3530305938285E-8
10367.1875,1.28194735358685E-8
10371.09375,1.28895635786663E-8
10375,1.35853805396808E-8
10378.90625,1.3890687843955E-8
10382.8125,1.37905210920858E-8
10386.71875,1.35555124537741E-8
10390.625,1.34606877193591E-8
10394.53125,1.38797129538186E-8
10398.4375,1.4107646336285E-8
10402.34375,1.35407316385004E-8
10406.25,1.29887241479354E-8
10410.15625,1.35303277706048E-8
10414.0625,1.4675082582617E-8
10417.96875,1.5410810072786E-8
10421.875,1.51129422752963E-8
10425.78125,1.45143033639188E-8
10429.6875,1.46413197243933E-8
10433.59375,1.5049435689003E-8
10437.5,1.4855970644178E-8
10441.40625,1.42334917061708E-8
10445.3125,1.37422172114294E-8
10449.21875,1.31173691762589E-8
10453.125,1.30233307604276E-8
10457.03125,1.343766185594E-8
10460.9375,1.36867262767071E-8
10464.84375,1.36856639558598E-8
10468.75,1.34014416234738E-8
10472.65625,1.33114224245051E-8
10476.5625,1.31310504534618E-8
10480.46875,1.29405803826597E-8
10484.375,1.28973990254067E-8
10488.28125,1.26910936788375E-8
10492.1875,1.246979203431E-8
10496.09375,1.27099870209807E-8
10500,1.34277129909157E-8
10503.90625,1.40136988115316E-8
10507.8125,1.41021357192597E-8
10511.71875,1.39465335197713E-8
10515.625,1.35618346700413E-8
10519.53125,1.34265476731395E-8
10523.4375,1.44999205786937E-8
10527.34375,1.50979949885157E-8
10531.25,1.42803336492051E-8
10535.15625,1.39247658756841E-8
10539.0625,1.4680452960861E-8
10542.96875,1.49364153419E-8
10546.875,1.41938597942535E-8
10550.78125,1.35790495715121E-8
10554.6875,1.33696775753084E-8
10558.59375,1.32144711833295E-8
10562.5,1.32148518968771E-8
10566.40625,1.35162980184498E-8
10570.3125,1.46867673556543E-8
10574.21875,1.58317779211927E-8
10578.125,1.57207650114562E-8
10582.03125,1.49345314592635E-8
10585.9375,1.41553658038518E-8
10589.84375,1.34060270089742E-8
10593.75,1.3036105932076E-8
10597.65625,1.29294401567323E-8
10601.5625,1.28990236545587E-8
10605.46875,1.29287054637917E-8
10609.375,1.29566586306858E-8
10613.28125,1.32128825464086E-8
10617.1875,1.3757496171457E-8
10621.09375,1.41017285550109E-8
10625,1.40326191543298E-8
10628.90625,1.38025754977057E-8
10632.8125,1.34849359576654E-8
10636.71875,1.32756845463991E-8
10640.625,1.31610036708964E-8
10644.53125,1.31308929794014E-8
10648.4375,1.35948595810948E-8
10652.34375,1.36913833276134E-8
10656.25,1.31385746690858E-8
10660.15625,1.34175214567223E-8
10664.0625,1.36774965073439E-8
10667.96875,1.34419842270778E-8
10671.875,1.33090983729966E-8
10675.78125,1.30858404077461E-8
10679.6875,1.29241500067781E-8
10683.59375,1.29530245384754E-8
10687.5,1.33084886844158E-8
10691.40625,1.35986269461143E-8
10695.3125,1.32273806833808E-8
10699.21875,1.24845859877445E-8
10703.125,1.24617869893056E-8
10707.03125,1.31555133300995E-8
10710.9375,1.33316684082662E-8
10714.84375,1.32779692566978E-8
10718.75,1.35714124610596E-8
10722.65625,1.34591494063432E-8
10726.5625,1.34208922110947E-8
10730.46875,1.37541790494657E-8
10734.375,1.35628141251578E-8
10738.28125,1.29100535552085E-8
10742.1875,1.24738769954337E-8
10746.09375,1.23097069313725E-8
10750,1.26440909025498E-8
10753.90625,1.33327132381655E-8
10757.8125,1.37030405876004E-8
10761.71875,1.3580303765788E-8
10765.625,1.34546809233122E-8
10769.53125,1.41587675776534E-8
10773.4375,1.51606010071572E-8
10777.34375,1.54968187854547E-8
10781.25,1.51717968632396E-8
10785.15625,1.39973634146254E-8
10789.0625,1.26870029856713E-8
10792.96875,1.25205013164462E-8
10796.875,1.32182848090224E-8
10800.78125,1.36618091569095E-8
10804.6875,1.37474020643873E-8
10808.59375,1.40094065514499E-8
10812.5,1.43953334610302E-8
10816.40625,1.46038503542328E-8
10820.3125,1.42586748468812E-8
10824.21875,1.39016128995147E-8
10828.125,1.37688654886032E-8
10832.03125,1.32195159700393E-8
10835.9375,1.29605538156598E-8
10839.84375,1.3285615240176E-8
10843.75,1.33865375826315E-8
10847.65625,1.3468442446939E-8
10851.5625,1.38813303471796E-8
10855.46875,1.38308422401855E-8
10859.375,1.33320845498006E-8
10863.28125,1.32629000175265E-8
10867.1875,1.34644274939993E-8
10871.09375,1.36634341028335E-8
10875,1.38694428966099E-8
10878.90625,1.39287276656734E-8
10882.8125,1.41448795194361E-8
10886.71875,1.44896033798744E-8
10890.625,1.44545368772844E-8
10894.53125,1.3745032856118E-8
10898.4375,1.25623358293002E-8
10902.34375,1.20846227076508E-8
10906.25,1.28448129953181E-8
10910.15625,1.41095143526226E-8
10914.0625,1.51527625193307E-8
10917.96875,1.49657116471104E-8
10921.875,1.36509734950803E-8
10925.78125,1.31076222995316E-8
10929.6875,1.39041712010514E-8
10933.59375,1.46762053736261E-8
10937.5,1.44041096754792E-8
10941.40625,1.36782699419489E-8
10945.3125,1.38486592988566E-8
10949.21875,1.45606559282913E-8
10953.125,1.48707837786746E-8
10957.03125,1.45274970499484E-8
10960.9375,1.36019942186968E-8
10964.84375,1.27243733101989E-8
10968.75,1.22531593128521E-8
10972.65625,1.22459700296271E-8
10976.5625,1.27120981838102E-8
10980.46875,1.33553836785672E-8
10984.375,1.38653376704919E-8
10988.28125,1.40398489080028E-8
10992.1875,1.41699934349971E-8
10996.09375,1.42723823221579E-8
11000,1.40971671190849E-8
11003.90625,1.36362453815469E-8
11007.8125,1.31181221545316E-8
11011.71875,1.3633442478709E-8
11015.625,1.48382924458432E-8
11019.53125,1.54469101179543E-8
11023.4375,1.52047509261385E-8
11027.34375,1.44469555518929E-8
11031.25,1.40878353769063E-8
11035.15625,1.42854298171396E-8
11039.0625,1.47247905783175E-8
11042.96875,1.49146855727094E-8
11046.875,1.48537509111826E-8
11050.78125,1.44071810486284E-8
11054.6875,1.36404696351708E-8
11058.59375,1.36015524007741E-8
11062.5,1.43105628433228E-8
11066.40625,1.47215346481087E-8
11070.3125,1.41736600329197E-8
11074.21875,1.30627325682298E-8
11078.125,1.27225573207841E-8
11082.03125,1.2980115328351E-8
11085.9375,1.27476484237026E-8
11089.84375,1.2958988188907E-8
11093.75,1.38099383845228E-8
11097.65625,1.43446563083786E-8
11101.5625,1.44231092604785E-8
11105.46875,1.41771915504385E-8
11109.375,1.36838709759318E-8
11113.28125,1.31983831713375E-8
11117.1875,1.30714720038931E-8
11121.09375,1.34305031550753E-8
11125,1.39112029431138E-8
11128.90625,1.406548639154E-8
11132.8125,1.393872357469E-8
11136.71875,1.33693116278353E-8
11140.625,1.24043390058965E-8
11144.53125,1.21440644543483E-8
11148.4375,1.2715858482275E-8
11152.34375,1.36298960485897E-8
11156.25,1.415528950398E-8
11160.15625,1.41426813333701E-8
11164.0625,1.39829116904707E-8
11167.96875,1.37369450580921E-8
11171.875,1.37557179231033E-8
11175.78125,1.42293033740802E-8
11179.6875,1.42452399608199E-8
11183.59375,1.38012224443832E-8
11187.5,1.37041844149846E-8
11191.40625,1.36654256648561E-8
11195.3125,1.34975341179975E-8
11199.21875,1.38685549873445E-8
11203.125,1.44931114145887E-8
11207.03125,1.47414032346121E-8
11210.9375,1.49184178917742E-8
11214.84375,1.50396642592754E-8
11218.75,1.43886204378162E-8
11222.65625,1.33596932843557E-8
11226.5625,1.32323940388509E-8
11230.46875,1.37989681756449E-8
11234.375,1.35826935519645E-8
11238.28125,1.28826592268392E-8
11242.1875,1.29709798556452E-8
11246.09375,1.34186717358315E-8
11250,1.36417120924031E-8
11253.90625,1.39448700688663E-8
11257.8125,1.42058052300723E-8
11261.71875,1.4199990114472E-8
11265.625,1.41430351025316E-8
11269.53125,1.4297645461351E-8
11273.4375,1.4986160160539E-8
11277.34375,1.5493423615236E-8
11281.25,1.51661737955272E-8
11285.15625,1.48791461740146E-8
11289.0625,1.47516676039757E-8
11292.96875,1.44427632901187E-8
11296.875,1.4376632346423E-8
11300.78125,1.44594439653472E-8
11304.6875,1.43628746122459E-8
11308.59375,1.4523094765785E-8
11312.5,1.49285605523895E-8
11316.40625,1.50776889636495E-8
11320.3125,1.48508122997343E-8
11324.21875,1.46090883164868E-8
11328.125,1.46423688208297E-8
11332.03125,1.47203933659963E-8
11335.9375,1.43508096943142E-8
11339.84375,1.39954401945158E-8
11343.75,1.43726976790778E-8
11347.65625,1.46707006743238E-8
11351.5625,1.4474768132596E-8
11355.46875,1.41363446251593E-8
11359.375,1.37525420036049E-8
11363.28125,1.3574694680608E-8
11367.1875,1.36790507560834E-8
11371.09375,1.43708465294334E-8
11375,1.49941620847714E-8
11378.90625,1.46025367771144E-8
11382.8125,1.36086468995943E-8
11386.71875,1.322243384558E-8
11390.625,1.32687292646094E-8
11394.53125,1.30271202682353E-8
11398.4375,1.31063045600049E-8
11402.34375,1.33891770647677E-8
11406.25,1.3097286708252E-8
11410.15625,1.26545748808514E-8
11414.0625,1.27503680363707E-8
11417.96875,1.32677754112673E-8
11421.875,1.36796230098772E-8
11425.78125,1.37402636533069E-8
11429.6875,1.35391328749848E-8
11433.59375,1.32650442702509E-8
11437.5,1.31475326061259E-8
11441.40625,1.29268167757475E-8
11445.3125,1.25199844680928E-8
11449.21875,1.27331847606586E-8
11453.125,1.32755392182936E-8
11457.03125,1.33603524568037E-8
11460.9375,1.31819190812437E-8
11464.84375,1.32385825814686E-8
11468.75,1.33977883079586E-8
11472.65625,1.36160082130338E-8
11476.5625,1.39446423466563E-8
11480.46875,1.3928063579404E-8
11484.375,1.36077121246538E-8
11488.28125,1.35240788778725E-8
11492.1875,1.35882932211679E-8
11496.09375,1.350849354315E-8
11500,1.34222719124501E-8
11503.90625,1.35865580529432E-8
11507.8125,1.38202119157681E-8
11511.71875,1.34537814222521E-8
11515.625,1.26264413192109E-8
11519.53125,1.20897102191325E-8
11523.4375,1.2565190323458E-8
11527.34375,1.41037151696346E-8
11531.25,1.47901113052371E-8
11535.15625,1.38479720412046E-8
11539.0625,1.28372079240059E-8
11542.96875,1.29158505062973E-8
11546.875,1.33699641120925E-8
11550.78125,1.31909770487329E-8
11554.6875,1.28806620202561E-8
11558.59375,1.31078018849869E-8
11562.5,1.34653112017152E-8
11566.40625,1.37888970638867E-8
11570.3125,1.39531158738666E-8
11574.21875,1.39345036158073E-8
11578.125,1.39698466294528E-8
11582.03125,1.38992314566419E-8
11585.9375,1.38407287646032E-8
11589.84375,1.40872587363741E-8
11593.75,1.4172870644819E-8
11597.65625,1.40707279479187E-8
11601.5625,1.44459612779126E-8
11605.46875,1.51975754366171E-8
11609.375,1.51649856252866E-8
11613.28125,1.40073716331895E-8
11617.1875,1.30545579433612E-8
11621.09375,1.29270545728284E-8
11625,1.29628698556199E-8
11628.90625,1.27940608015033E-8
11632.8125,1.24206101108071E-8
11636.71875,1.20935354209043E-8
11640.625,1.21663966089803E-8
11644.53125,1.24365207178269E-8
11648.4375,1.24522282594963E-8
11652.34375,1.247198826505E-8
11656.25,1.26065338511512E-8
11660.15625,1.24597415829587E-8
11664.0625,1.21044474490569E-8
11667.96875,1.20984063068984E-8
11671.875,1.2571031749021E-8
11675.78125,1.31567279128098E-8
11679.6875,1.3443836246433E-8
11683.59375,1.31582138874951E-8
11687.5,1.32044897807565E-8
11691.40625,1.39811673945681E-8
11695.3125,1.43222195186129E-8
11699.21875,1.39952884889549E-8
11703.125,1.35649123305374E-8
11707.03125,1.36459258595097E-8
11710.9375,1.45037704515012E-8
11714.84375,1.48864199621474E-8
11718.75,1.43096287637086E-8
11722.65625,1.40215486321196E-8
11726.5625,1.37926442238378E-8
11730.46875,1.30473984689387E-8
11734.375,1.27259888368225E-8
11738.28125,1.30915284949698E-8
11742.1875,1.34068181702046E-8
11746.09375,1.32438753850427E-8
11750,1.3156400246139E-8
11753.90625,1.3387471941583E-8
11757.8125,1.40917362544072E-8
11761.71875,1.49176481116557E-8
11765.625,1.47885352517451E-8
11769.53125,1.37182151405223E-8
11773.4375,1.29573746404071E-8
11777.34375,1.30771501050973E-8
11781.25,1.33151285546331E-8
11785.15625,1.3097391020793E-8
11789.0625,1.31786952424515E-8
11792.96875,1.39633726499702E-8
11796.875,1.42290049481059E-8
11800.78125,1.38802988816542E-8
11804.6875,1.39656982081891E-8
11808.59375,1.43532795712887E-8
11812.5,1.4707110988823E-8
11816.40625,1.49600925691112E-8
11820.3125,1.50548638370412E-8
11824.21875,1.49864391974545E-8
11828.125,1.49120554936945E-8
11832.03125,1.47349888365066E-8
11835.9375,1.42307104331002E-8
11839.84375,1.36396094582332E-8
11843.75,1.33699751591709E-8
11847.65625,1.35543867274544E-8
11851.5625,1.38501336880775E-8
11855.46875,1.39493224824825E-8
11859.375,1.39833269355124E-8
11863.28125,1.40180938038704E-8
11867.1875,1.42311923950484E-8
11871.09375,1.47978724011513E-8
11875,1.52502900069943E-8
11878.90625,1.47665203559019E-8
11882.8125,1.34614729250604E-8
11886.71875,1.26301971534886E-8
11890.625,1.28702962233687E-8
11894.53125,1.34102742192575E-8
11898.4375,1.36289735682177E-8
11902.34375,1.35627487849753E-8
11906.25,1.37475524765243E-8
11910.15625,1.40336940208959E-8
11914.0625,1.37161888435523E-8
11917.96875,1.28052596908582E-8
11921.875,1.19082479724039E-8
11925.78125,1.17430263103908E-8
11929.6875,1.25295040317686E-8
11933.59375,1.32898648125618E-8
11937.5,1.36086950611501E-8
11941.40625,1.39601388325191E-8
11945.3125,1.43646496734936E-8
11949.21875,1.4505623729544E-8
11953.125,1.42720485760714E-8
11957.03125,1.39325949083326E-8
11960.9375,1.37370922247749E-8
11964.84375,1.37329118084933E-8
11968.75,1.352812116363E-8
11972.65625,1.32895411231334E-8
11976.5625,1.35045130552264E-8
11980.46875,1.37491881022651E-8
11984.375,1.36759690817438E-8
11988.28125,1.35564263140716E-8
11992.1875,1.35501492627532E-8
11996.09375,1.34745513518537E-8
12000,1.29559155061173E-8
12003.90625,1.23814526331953E-8
12007.8125,1.24979207314995E-8
12011.71875,1.28511774058186E-8
12015.625,1.32439534506119E-8
12019.53125,1.37519633864635E-8
12023.4375,1.3998155445945E-8
12027.34375,1.34850475398328E-8
12031.25,1.25430868803282E-8
12035.15625,1.26320666133449E-8
12039.0625,1.36875619111655E-8
12042.96875,1.41463465271828E-8
12046.875,1.40261537460539E-8
12050.78125,1.37142531172747E-8
12054.6875,1.34399465049682E-8
12058.59375,1.35259790323123E-8
12062.5,1.38527214881931E-8
12066.40625,1.38461400762924E-8
12070.3125,1.34004179964322E-8
12074.21875,1.30694817548265E-8
12078.125,1.33065394356875E-8
12082.03125,1.41772957308463E-8
12085.9375,1.47184498473813E-8
12089.84375,1.45784814668896E-8
12093.75,1.43337166586208E-8
12097.65625,1.3964973082781E-8
12101.5625,1.35389965111501E-8
12105.46875,1.34646544252545E-8
12109.375,1.37059909019372E-8
12113.28125,1.39980281699958E-8
12117.1875,1.4290392390033E-8
12121.09375,1.46082118723351E-8
12125,1.47126359466871E-8
12128.90625,1.4501354215581E-8
12132.8125,1.4245241256859E-8
12136.71875,1.41745203637749E-8
12140.625,1.42779112816103E-8
12144.53125,1.42968893918355E-8
12148.4375,1.3855314801287E-8
12152.34375,1.32027957647031E-8
12156.25,1.32681775547352E-8
12160.15625,1.38316404699048E-8
12164.0625,1.40451499833489E-8
12167.96875,1.37920425245405E-8
12171.875,1.28975908424981E-8
12175.78125,1.22558474279422E-8
12179.6875,1.24321402117948E-8
12183.59375,1.30714042076333E-8
12187.5,1.41021507749471E-8
12191.40625,1.48326960459822E-8
12195.3125,1.43397028584625E-8
12199.21875,1.32711195105003E-8
12203.125,1.30853084998635E-8
12207.03125,1.3288639474532E-8
12210.9375,1.29767382080405E-8
12214.84375,1.29076093199651E-8
12218.75,1.36089765654258E-8
12222.65625,1.41250501995072E-8
12226.5625,1.38921052778683E-8
12230.46875,1.37793719630753E-8
12234.375,1.42582870436386E-8
12238.28125,1.44103145457234E-8
12242.1875,1.4081605753989E-8
12246.09375,1.36307155272421E-8
12250,1.36719765858257E-8
12253.90625,1.4195612420535E-8
12257.8125,1.4337204888134E-8
12261.71875,1.40816890085681E-8
12265.625,1.39197094266818E-8
12269.53125,1.38057071434944E-8
12273.4375,1.38226724201E-8
12277.34375,1.43931241406542E-8
12281.25,1.50354444755713E-8
12285.15625,1.46884090056087E-8
12289.0625,1.34684609525728E-8
12292.96875,1.2879604887498E-8
12296.875,1.31110755431028E-8
12300.78125,1.33572573807299E-8
12304.6875,1.34175998879759E-8
12308.59375,1.32257998788243E-8
12312.5,1.27537269275414E-8
12316.40625,1.27644961978409E-8
12320.3125,1.33883365964923E-8
12324.21875,1.33289642104555E-8
12328.125,1.25882970371312E-8
12332.03125,1.23509007740886E-8
12335.9375,1.31772192833814E-8
12339.84375,1.4015883636812E-8
12343.75,1.40063837213954E-8
12347.65625,1.40009374222931E-8
12351.5625,1.45294032120958E-8
12355.46875,1.47603420206788E-8
12359.375,1.46711260252837E-8
12363.28125,1.46588444019778E-8
12367.1875,1.44692927040524E-8
12371.09375,1.40195154762699E-8
12375,1.40072661889547E-8
12378.90625,1.42614176548544E-8
12382.8125,1.39796856944894E-8
12386.71875,1.36425071785828E-8
12390.625,1.35275199816597E-8
12394.53125,1.3227234824559E-8
12398.4375,1.27640948194326E-8
12402.34375,1.24464979529858E-8
12406.25,1.27832889969455E-8
12410.15625,1.32125059681411E-8
12414.0625,1.32476707906899E-8
12417.96875,1.32312596587345E-8
12421.875,1.34301402396895E-8
12425.78125,1.39358755241312E-8
12429.6875,1.41028518285017E-8
12433.59375,1.36829170526463E-8
12437.5,1.34220332603962E-8
12441.40625,1.37053631713485E-8
12445.3125,1.43650037597586E-8
12449.21875,1.44155869697718E-8
12453.125,1.39507372674496E-8
12457.03125,1.40857587051559E-8
12460.9375,1.43120547929245E-8
12464.84375,1.3981339060897E-8
12468.75,1.41207421030416E-8
12472.65625,1.46416828816663E-8
12476.5625,1.40595101569033E-8
12480.46875,1.30577169920803E-8
12484.375,1.31354955046167E-8
12488.28125,1.39378963753235E-8
12492.1875,1.4283601610425E-8
12496.09375,1.39574003122117E-8

// End of Data
