// SR1 Audio Analyzer: 10/18/2024 9:29:36 AM

// Series: A1:FFT1:Power Spectrum A
// Units: Hz,V/rtHz
0,1.24059724294676E-8
3.90625,1.38639515972474E-8
7.8125,1.51001965575426E-8
11.71875,1.42147112822877E-8
15.625,1.28300947768249E-8
19.53125,1.32154735937784E-8
23.4375,1.71085740249941E-8
27.34375,2.1051383314178E-8
31.25,1.97849396332505E-8
35.15625,1.46745442080511E-8
39.0625,1.12111621725816E-8
42.96875,1.05261804582565E-8
46.875,1.24180832407495E-8
50.78125,3.19007201539705E-8
54.6875,7.39539028807273E-8
58.59375,1.0906988950837E-7
62.5,1.02632947129317E-7
66.40625,6.17727636515335E-8
70.3125,2.46534999410215E-8
74.21875,1.10866000600329E-8
78.125,1.03766593399019E-8
82.03125,1.18761976571733E-8
85.9375,1.25556250079905E-8
89.84375,1.11939261305229E-8
93.75,9.85668516731917E-9
97.65625,9.76140475527147E-9
101.5625,9.77665858263676E-9
105.46875,9.60006927007214E-9
109.375,1.09044115535387E-8
113.28125,1.78158943461007E-8
117.1875,2.77248318676736E-8
121.09375,3.00210510165926E-8
125,2.15737464832808E-8
128.90625,1.14158537043734E-8
132.8125,7.98878528437408E-9
136.71875,8.69646130832979E-9
140.625,1.00424407784772E-8
144.53125,1.0160564490858E-8
148.4375,9.10663027517375E-9
152.34375,8.40346340786525E-9
156.25,8.13652606093011E-9
160.15625,7.90388857915949E-9
164.0625,7.99835905524073E-9
167.96875,1.20726147633035E-8
171.875,3.24465823270682E-8
175.78125,6.52702981102858E-8
179.6875,8.42946148874228E-8
183.59375,6.99217099757484E-8
187.5,3.71198085139896E-8
191.40625,1.38781506297332E-8
195.3125,8.63638673070419E-9
199.21875,8.72471249214678E-9
203.125,8.17208347327356E-9
207.03125,7.53234244470537E-9
210.9375,7.4271556260305E-9
214.84375,7.35586145603887E-9
218.75,7.27299111212825E-9
222.65625,7.40285969345348E-9
226.5625,7.46760983895415E-9
230.46875,8.76910897487373E-9
234.375,1.43588017817053E-8
238.28125,2.04479867373694E-8
242.1875,1.99492610488731E-8
246.09375,1.35870463126093E-8
250,8.69463458094983E-9
253.90625,7.8542293245705E-9
257.8125,7.88898059777858E-9
261.71875,7.52050156825216E-9
265.625,7.30111398313805E-9
269.53125,7.40302725427275E-9
273.4375,7.506726081642E-9
277.34375,7.41326973982273E-9
281.25,7.28753128432622E-9
285.15625,7.37611898646399E-9
289.0625,8.61023018380597E-9
292.96875,1.44465204538222E-8
296.875,2.3222721102101E-8
300.78125,2.6001577096344E-8
304.6875,1.93530562526091E-8
308.59375,1.06873027512967E-8
312.5,7.61361800034149E-9
316.40625,7.32020962888307E-9
320.3125,7.28054788734572E-9
324.21875,7.61363365068781E-9
328.125,7.79388880085318E-9
332.03125,7.51439503248078E-9
335.9375,7.14009757447753E-9
339.84375,7.06911700446346E-9
343.75,7.19516894029421E-9
347.65625,7.26510855475765E-9
351.5625,7.6246731751961E-9
355.46875,9.36295524302014E-9
359.375,1.11078541468372E-8
363.28125,1.04575242396544E-8
367.1875,8.55713920179525E-9
371.09375,7.45179629770998E-9
375,6.98573472414618E-9
378.90625,6.71882109115369E-9
382.8125,6.75925107021401E-9
386.71875,7.11280480511483E-9
390.625,7.26465057072627E-9
394.53125,7.1248541115901E-9
398.4375,7.03107583421636E-9
402.34375,6.93244364059449E-9
406.25,6.86665698231717E-9
410.15625,7.95872085247872E-9
414.0625,1.26447959581686E-8
417.96875,1.82182212561539E-8
421.875,1.84873519645559E-8
425.78125,1.31210607058859E-8
429.6875,7.9942779978295E-9
433.59375,6.58197251364147E-9
437.5,6.62546144398223E-9
441.40625,6.6802393323736E-9
445.3125,6.74995193491029E-9
449.21875,7.02645342351009E-9
453.125,7.26525994808801E-9
457.03125,7.10510768090179E-9
460.9375,6.95011301776523E-9
464.84375,7.04849232665667E-9
468.75,7.22237741821454E-9
472.65625,7.25668232655353E-9
476.5625,7.01387462892201E-9
480.46875,6.78049445879031E-9
484.375,6.86864781888281E-9
488.28125,6.91767077172896E-9
492.1875,6.65775675128992E-9
496.09375,6.44402047073396E-9
500,6.39341527737881E-9
503.90625,6.40907030356646E-9
507.8125,6.47501188135009E-9
511.71875,6.58260981423495E-9
515.625,6.75520568656397E-9
519.53125,6.73492417429116E-9
523.4375,6.42515796346763E-9
527.34375,6.47004840370471E-9
531.25,8.12259692026733E-9
535.15625,1.22994206358532E-8
539.0625,1.56866323714793E-8
542.96875,1.41623315815948E-8
546.875,9.4451933858981E-9
550.78125,6.66740970731455E-9
554.6875,6.29848616475038E-9
558.59375,6.3550209277634E-9
562.5,6.40282066431179E-9
566.40625,6.1810444612435E-9
570.3125,5.90595767385618E-9
574.21875,5.90706179343218E-9
578.125,6.03446066274433E-9
582.03125,6.11465312649202E-9
585.9375,6.35031512899832E-9
589.84375,6.74432489391222E-9
593.75,7.17018539271849E-9
597.65625,7.36665935396088E-9
601.5625,6.91400399729813E-9
605.46875,6.15631666772343E-9
609.375,5.87363205933875E-9
613.28125,6.03454369623092E-9
617.1875,6.42125158344988E-9
621.09375,6.82251434422534E-9
625,6.86596617174263E-9
628.90625,6.57474251313205E-9
632.8125,6.40473338136333E-9
636.71875,6.5204433114119E-9
640.625,6.54167709420447E-9
644.53125,6.39483967605218E-9
648.4375,6.47667590679676E-9
652.34375,7.31295287376537E-9
656.25,9.10082661571253E-9
660.15625,1.00812217917483E-8
664.0625,8.96508333984609E-9
667.96875,7.42370264023028E-9
671.875,6.93948214069183E-9
675.78125,6.95772164920602E-9
679.6875,6.99614422105516E-9
683.59375,7.03292716257806E-9
687.5,6.89530945066131E-9
691.40625,6.56663082788433E-9
695.3125,6.34515082606801E-9
699.21875,6.32124315523411E-9
703.125,6.30046231923599E-9
707.03125,6.26301438076415E-9
710.9375,6.41956605243148E-9
714.84375,6.61198931567045E-9
718.75,6.80436950483677E-9
722.65625,6.83942691361764E-9
726.5625,6.49550122752432E-9
730.46875,6.13706550413543E-9
734.375,5.97113286094463E-9
738.28125,6.00477130290148E-9
742.1875,6.19388386724502E-9
746.09375,6.42492400429583E-9
750,6.60178746178328E-9
753.90625,6.5817552696214E-9
757.8125,6.37940164818623E-9
761.71875,6.26873473236868E-9
765.625,6.40825722013347E-9
769.53125,6.94869010236829E-9
773.4375,9.33286496587854E-9
777.34375,1.30783763750443E-8
781.25,1.37531854778585E-8
785.15625,1.03441696941166E-8
789.0625,7.06233273239755E-9
792.96875,6.42184821820684E-9
796.875,6.47112969458161E-9
800.78125,6.29872409272304E-9
804.6875,6.18547499794097E-9
808.59375,6.40375824854461E-9
812.5,6.50436280441185E-9
816.40625,6.19650678718481E-9
820.3125,5.84694269068961E-9
824.21875,5.61038983985476E-9
828.125,5.54651157125527E-9
832.03125,5.70381744733845E-9
835.9375,6.09448109952859E-9
839.84375,6.35633496620472E-9
843.75,6.3361321598269E-9
847.65625,6.2703192601441E-9
851.5625,6.16806539326525E-9
855.46875,6.12469788878993E-9
859.375,6.28755191116645E-9
863.28125,6.52892147947566E-9
867.1875,6.57543813135734E-9
871.09375,6.53600373390612E-9
875,6.58833694870425E-9
878.90625,6.6683730889462E-9
882.8125,6.60260655939867E-9
886.71875,6.43342689551577E-9
890.625,6.36515101031245E-9
894.53125,6.70874184636177E-9
898.4375,7.19801169599809E-9
902.34375,6.87430642873868E-9
906.25,6.15334619001993E-9
910.15625,5.982957473184E-9
914.0625,6.18280835974735E-9
917.96875,6.34141004484528E-9
921.875,6.19674123503274E-9
925.78125,5.93774071088458E-9
929.6875,6.00838097784902E-9
933.59375,6.18969011570837E-9
937.5,6.20943550938593E-9
941.40625,6.18401299754128E-9
945.3125,6.06858937395824E-9
949.21875,5.99993083700743E-9
953.125,6.13456558736011E-9
957.03125,6.24018433440605E-9
960.9375,6.32502943550952E-9
964.84375,6.48727892138405E-9
968.75,6.53527376422149E-9
972.65625,6.33243043936856E-9
976.5625,6.13104640040581E-9
980.46875,6.11084049218389E-9
984.375,6.33666400342198E-9
988.28125,6.5476311183159E-9
992.1875,6.49456536202647E-9
996.09375,6.25449450914536E-9
1000,5.97867555808089E-9
1003.90625,5.82262916078236E-9
1007.8125,5.75145944426167E-9
1011.71875,6.20308250745273E-9
1015.625,7.84234773153446E-9
1019.53125,9.1258044085057E-9
1023.4375,8.40887273551015E-9
1027.34375,6.96440098066123E-9
1031.25,6.64820191402547E-9
1035.15625,6.81004361458545E-9
1039.0625,6.74165837467527E-9
1042.96875,6.55616663265384E-9
1046.875,6.35378547903031E-9
1050.78125,6.21401567919609E-9
1054.6875,6.12351725672811E-9
1058.59375,5.94979704126509E-9
1062.5,5.82219047416925E-9
1066.40625,5.83911079621916E-9
1070.3125,5.90740961688619E-9
1074.21875,6.10777511502093E-9
1078.125,6.3222969796829E-9
1082.03125,6.26786201114152E-9
1085.9375,6.02608537204977E-9
1089.84375,6.04220924624275E-9
1093.75,6.30740873961809E-9
1097.65625,6.3614774624173E-9
1101.5625,6.21831536854287E-9
1105.46875,6.16279521899712E-9
1109.375,6.26139701934776E-9
1113.28125,6.38775516225295E-9
1117.1875,6.43264111401678E-9
1121.09375,6.30066816837567E-9
1125,5.91995377767909E-9
1128.90625,6.00904504590559E-9
1132.8125,8.82294750025491E-9
1136.71875,1.37507958179357E-8
1140.625,1.55778840605426E-8
1144.53125,1.22724043764018E-8
1148.4375,7.99899045685898E-9
1152.34375,6.32497654177161E-9
1156.25,6.00720800147264E-9
1160.15625,6.13244181232899E-9
1164.0625,6.33048019105146E-9
1167.96875,6.29745916352551E-9
1171.875,6.10370991139798E-9
1175.78125,6.05282022077323E-9
1179.6875,6.11501712171108E-9
1183.59375,6.06947640187441E-9
1187.5,6.10743670152902E-9
1191.40625,6.20971055260577E-9
1195.3125,6.08153633052748E-9
1199.21875,5.92038728450891E-9
1203.125,6.12686349380926E-9
1207.03125,6.47020942833838E-9
1210.9375,6.80494063075684E-9
1214.84375,7.03569716216928E-9
1218.75,7.01024880456182E-9
1222.65625,6.81437904298244E-9
1226.5625,6.42517413106317E-9
1230.46875,5.99851376769653E-9
1234.375,5.94325132594606E-9
1238.28125,6.06768308214292E-9
1242.1875,6.14462951000985E-9
1246.09375,6.18586273192195E-9
1250,6.4892543173028E-9
1253.90625,7.96757957483214E-9
1257.8125,1.01898057563874E-8
1261.71875,1.03568400708016E-8
1265.625,8.10351822604667E-9
1269.53125,6.33572010705839E-9
1273.4375,6.14743994317328E-9
1277.34375,6.18464635117581E-9
1281.25,5.97981146853495E-9
1285.15625,5.92818369815755E-9
1289.0625,6.12792556745814E-9
1292.96875,6.24723690478476E-9
1296.875,6.23287526405945E-9
1300.78125,6.15499318524312E-9
1304.6875,6.16346371764719E-9
1308.59375,6.28849915070591E-9
1312.5,6.20855814342698E-9
1316.40625,5.84806369924201E-9
1320.3125,5.66636306232206E-9
1324.21875,5.87432332273859E-9
1328.125,6.20510184745863E-9
1332.03125,6.39341002070748E-9
1335.9375,6.2952112558951E-9
1339.84375,6.17719985010684E-9
1343.75,6.19869856538322E-9
1347.65625,5.9796985514242E-9
1351.5625,5.61040835537998E-9
1355.46875,5.6001599265244E-9
1359.375,5.72212995304288E-9
1363.28125,5.71518477398788E-9
1367.1875,5.8638577610725E-9
1371.09375,6.14658752869889E-9
1375,6.3192884873482E-9
1378.90625,6.43537182029937E-9
1382.8125,6.36953191204802E-9
1386.71875,6.17815881635597E-9
1390.625,6.16716579331812E-9
1394.53125,6.24973941699456E-9
1398.4375,6.23579585359477E-9
1402.34375,6.11496690814766E-9
1406.25,5.97984186893123E-9
1410.15625,5.84509886824797E-9
1414.0625,5.91816058005981E-9
1417.96875,6.31107406247884E-9
1421.875,6.51605086983998E-9
1425.78125,6.32539967929039E-9
1429.6875,6.25465033658402E-9
1433.59375,6.34631453870917E-9
1437.5,6.14282953130007E-9
1441.40625,5.84301629056525E-9
1445.3125,5.9034018111723E-9
1449.21875,6.08541451902677E-9
1453.125,6.0796118874806E-9
1457.03125,5.9407565087248E-9
1460.9375,5.91895220390087E-9
1464.84375,5.96738187304689E-9
1468.75,5.89034444805906E-9
1472.65625,5.82142794138491E-9
1476.5625,5.92433899037142E-9
1480.46875,6.07836067276868E-9
1484.375,6.19310789936588E-9
1488.28125,6.352336724196E-9
1492.1875,7.75454975450414E-9
1496.09375,1.1195661353549E-8
1500,1.32024613901027E-8
1503.90625,1.12328790623396E-8
1507.8125,7.95387966988476E-9
1511.71875,6.58125437413794E-9
1515.625,6.22769991919154E-9
1519.53125,6.02779729798453E-9
1523.4375,6.14328660029889E-9
1527.34375,6.35230041090945E-9
1531.25,6.17649153396227E-9
1535.15625,5.94488174931407E-9
1539.0625,5.92862845611468E-9
1542.96875,6.03203041457676E-9
1546.875,6.25216225127985E-9
1550.78125,6.41787912662648E-9
1554.6875,6.36563939261752E-9
1558.59375,6.23755602480607E-9
1562.5,6.18617043216668E-9
1566.40625,6.17297570862359E-9
1570.3125,6.00753604091271E-9
1574.21875,5.74754223653109E-9
1578.125,5.71515243121862E-9
1582.03125,5.8653266371417E-9
1585.9375,5.89609187197246E-9
1589.84375,5.88209300983035E-9
1593.75,6.06578396179053E-9
1597.65625,6.17871093336799E-9
1601.5625,6.05869868796166E-9
1605.46875,6.03329782074179E-9
1609.375,6.78941921742325E-9
1613.28125,1.06465197218083E-8
1617.1875,1.65022084367833E-8
1621.09375,1.80744902532168E-8
1625,1.34914346353423E-8
1628.90625,7.97626528252277E-9
1632.8125,6.24078701962033E-9
1636.71875,6.38725292492727E-9
1640.625,6.23197570465409E-9
1644.53125,5.91998784007913E-9
1648.4375,5.99082316183199E-9
1652.34375,6.28693864384091E-9
1656.25,6.28639651819498E-9
1660.15625,6.02660249895325E-9
1664.0625,5.95879899027268E-9
1667.96875,5.92722372150999E-9
1671.875,5.76930882751775E-9
1675.78125,5.81149092710473E-9
1679.6875,6.26775842683304E-9
1683.59375,6.53724096669642E-9
1687.5,6.29428638433971E-9
1691.40625,6.02157434633196E-9
1695.3125,5.94562253953955E-9
1699.21875,5.9222613202409E-9
1703.125,5.99204294135752E-9
1707.03125,6.15129694590144E-9
1710.9375,6.07797512912622E-9
1714.84375,5.92281175714751E-9
1718.75,6.16477348718195E-9
1722.65625,6.44348136668333E-9
1726.5625,6.68971758333795E-9
1730.46875,8.92260314937148E-9
1734.375,1.55865623246653E-8
1738.28125,2.21732519296177E-8
1742.1875,2.13184995170041E-8
1746.09375,1.38095349580215E-8
1750,7.58071565639566E-9
1753.90625,6.13132545836605E-9
1757.8125,6.06140883755778E-9
1761.71875,5.94680663579924E-9
1765.625,5.78940217042481E-9
1769.53125,5.85774021649906E-9
1773.4375,6.12313630277948E-9
1777.34375,6.30801178290889E-9
1781.25,6.16366844169982E-9
1785.15625,5.92314859723923E-9
1789.0625,5.86065564367623E-9
1792.96875,5.87190796754245E-9
1796.875,5.93712450235754E-9
1800.78125,5.97730507566108E-9
1804.6875,5.96270628071592E-9
1808.59375,6.06110312093418E-9
1812.5,6.17759032906027E-9
1816.40625,6.19114658081589E-9
1820.3125,6.18470316209937E-9
1824.21875,6.20620025395787E-9
1828.125,6.18293782756685E-9
1832.03125,6.04687793363853E-9
1835.9375,5.80286938349613E-9
1839.84375,5.50304690091796E-9
1843.75,5.61235895040073E-9
1847.65625,6.62759526586432E-9
1851.5625,1.15409914934594E-8
1855.46875,2.13585925487779E-8
1859.375,2.7732867375452E-8
1863.28125,2.36107108824835E-8
1867.1875,1.34741849706701E-8
1871.09375,7.14032607175824E-9
1875,6.09948997498763E-9
1878.90625,5.83374639039481E-9
1882.8125,5.71095326637053E-9
1886.71875,5.87649281017477E-9
1890.625,6.02409807642939E-9
1894.53125,6.0597361547008E-9
1898.4375,6.25187783562461E-9
1902.34375,6.49385943406222E-9
1906.25,6.63893223548613E-9
1910.15625,6.54031550678383E-9
1914.0625,6.22414012501204E-9
1917.96875,5.97611347422652E-9
1921.875,5.85223130807486E-9
1925.78125,5.77479261343017E-9
1929.6875,5.78563369672284E-9
1933.59375,5.91854646796635E-9
1937.5,5.8832018678284E-9
1941.40625,5.61446613788259E-9
1945.3125,5.54524943728381E-9
1949.21875,5.80444791432157E-9
1953.125,6.02635991112279E-9
1957.03125,6.01316459414606E-9
1960.9375,5.90450201036928E-9
1964.84375,5.92172656848129E-9
1968.75,6.77528895191429E-9
1972.65625,1.10538300003546E-8
1976.5625,1.75898160026839E-8
1980.46875,1.98923296088577E-8
1984.375,1.51609379923048E-8
1988.28125,8.62292030453102E-9
1992.1875,6.15328933785354E-9
1996.09375,6.12291849724051E-9
2000,5.98378775469452E-9
2003.90625,5.81399680779697E-9
2007.8125,6.05183962660044E-9
2011.71875,6.31062551496351E-9
2015.625,6.22636560290385E-9
2019.53125,6.00631025156805E-9
2023.4375,5.85202221498976E-9
2027.34375,5.85224801431617E-9
2031.25,5.93826501667748E-9
2035.15625,5.98867494036339E-9
2039.0625,6.00077073502141E-9
2042.96875,5.90229985397013E-9
2046.875,5.76972479331391E-9
2050.78125,5.67527919827274E-9
2054.6875,5.73637458413053E-9
2058.59375,5.95860260990458E-9
2062.5,6.13227914273435E-9
2066.40625,6.14341093309826E-9
2070.3125,5.96164757238017E-9
2074.21875,5.81353907573155E-9
2078.125,5.9481887680098E-9
2082.03125,6.06158449792508E-9
2085.9375,6.15820101631025E-9
2089.84375,6.8256573378908E-9
2093.75,9.12496704633778E-9
2097.65625,1.21177538964546E-8
2101.5625,1.21685343806652E-8
2105.46875,8.97739097655076E-9
2109.375,6.52981826466562E-9
2113.28125,6.1309833614472E-9
2117.1875,5.87855703160593E-9
2121.09375,5.65051388328082E-9
2125,5.66954234706089E-9
2128.90625,5.91234753514979E-9
2132.8125,6.16514716036783E-9
2136.71875,6.02200104514097E-9
2140.625,5.67802626502961E-9
2144.53125,5.72651032907436E-9
2148.4375,6.12377595261033E-9
2152.34375,6.32124943858792E-9
2156.25,6.1009524489482E-9
2160.15625,5.9400606319284E-9
2164.0625,6.16756978738952E-9
2167.96875,6.45831067299907E-9
2171.875,6.48337651202382E-9
2175.78125,6.29368955041686E-9
2179.6875,6.1133078799607E-9
2183.59375,6.05589878416611E-9
2187.5,6.00086008978862E-9
2191.40625,6.06549030300129E-9
2195.3125,6.33118648050459E-9
2199.21875,6.54437514274271E-9
2203.125,6.38427001724997E-9
2207.03125,5.77110433534549E-9
2210.9375,6.11933369708766E-9
2214.84375,9.82587183843189E-9
2218.75,1.33061756382867E-8
2222.65625,1.2406153686433E-8
2226.5625,8.69975856533956E-9
2230.46875,6.57126610713058E-9
2234.375,6.22884756065945E-9
2238.28125,6.11572356535415E-9
2242.1875,6.17680860451285E-9
2246.09375,6.37590882231874E-9
2250,6.38693338576892E-9
2253.90625,6.24092850267673E-9
2257.8125,6.13555088680885E-9
2261.71875,6.16144858257965E-9
2265.625,6.1319498045547E-9
2269.53125,6.06575298473309E-9
2273.4375,6.03233583190223E-9
2277.34375,5.881583436363E-9
2281.25,5.84326099990012E-9
2285.15625,6.02841538806571E-9
2289.0625,5.98749529697071E-9
2292.96875,5.71821482714574E-9
2296.875,5.70029121101558E-9
2300.78125,5.99697638457986E-9
2304.6875,6.353421457855E-9
2308.59375,6.48945841511639E-9
2312.5,6.34145292472682E-9
2316.40625,6.11859296599498E-9
2320.3125,5.96424583806464E-9
2324.21875,5.88854534682761E-9
2328.125,6.1187337792127E-9
2332.03125,7.2560195954963E-9
2335.9375,9.97957979763554E-9
2339.84375,1.19291576030447E-8
2343.75,1.05732619589899E-8
2347.65625,7.75947041338145E-9
2351.5625,6.46546743941239E-9
2355.46875,6.27094779470781E-9
2359.375,5.95557968915914E-9
2363.28125,5.62574735103825E-9
2367.1875,5.79418175428206E-9
2371.09375,6.1686362442349E-9
2375,6.19927472748086E-9
2378.90625,6.08893825233946E-9
2382.8125,6.01108255476302E-9
2386.71875,5.85292979710266E-9
2390.625,5.94866002195793E-9
2394.53125,6.36522709001998E-9
2398.4375,6.64712414741503E-9
2402.34375,6.41998200380815E-9
2406.25,5.96075628732704E-9
2410.15625,5.78464002836673E-9
2414.0625,5.78895067422004E-9
2417.96875,5.80928901279721E-9
2421.875,5.85730207307704E-9
2425.78125,5.96275162776984E-9
2429.6875,5.97278713268248E-9
2433.59375,5.87343049054536E-9
2437.5,5.97444248054127E-9
2441.40625,6.17768281381008E-9
2445.3125,6.25466792188191E-9
2449.21875,6.17424807922943E-9
2453.125,6.1772179031929E-9
2457.03125,6.68664434270982E-9
2460.9375,6.96203686667522E-9
2464.84375,6.47554765268783E-9
2468.75,5.84063873006665E-9
2472.65625,5.61864143733514E-9
2476.5625,5.94665918255289E-9
2480.46875,6.23050965932856E-9
2484.375,6.25238679367556E-9
2488.28125,6.04026291587777E-9
2492.1875,5.65849423711753E-9
2496.09375,5.55429756113797E-9
2500,5.74881629278834E-9
2503.90625,5.82225633174424E-9
2507.8125,5.89354520946597E-9
2511.71875,6.17160852112867E-9
2515.625,6.29595450078234E-9
2519.53125,6.05602415432163E-9
2523.4375,5.80059914719073E-9
2527.34375,5.89888631120975E-9
2531.25,5.98002247986369E-9
2535.15625,5.78331073335872E-9
2539.0625,5.83232508938918E-9
2542.96875,6.15507707463447E-9
2546.875,6.20359177503125E-9
2550.78125,5.98265310989713E-9
2554.6875,5.88074288130843E-9
2558.59375,5.86805033879998E-9
2562.5,5.67565845223763E-9
2566.40625,5.5092596649932E-9
2570.3125,5.56277159968927E-9
2574.21875,5.97347459375915E-9
2578.125,6.56984647591989E-9
2582.03125,6.6188654430563E-9
2585.9375,6.24139111519462E-9
2589.84375,5.96802951355264E-9
2593.75,5.91656720315031E-9
2597.65625,6.07604603827528E-9
2601.5625,6.25451404884899E-9
2605.46875,6.3198142550358E-9
2609.375,6.3531074307586E-9
2613.28125,6.43078302029637E-9
2617.1875,6.36761437889281E-9
2621.09375,6.12219791235972E-9
2625,6.04358169342199E-9
2628.90625,6.17690876772342E-9
2632.8125,6.19266930871724E-9
2636.71875,6.16863475835735E-9
2640.625,6.18624031700757E-9
2644.53125,6.28123730271858E-9
2648.4375,6.44708188765E-9
2652.34375,6.53596960969839E-9
2656.25,6.46332949036334E-9
2660.15625,6.23867320392619E-9
2664.0625,6.0734478113034E-9
2667.96875,6.01065762239794E-9
2671.875,5.96093696398502E-9
2675.78125,5.98514832984908E-9
2679.6875,5.85303393686835E-9
2683.59375,5.63471691133223E-9
2687.5,5.72540340905597E-9
2691.40625,6.01613318812248E-9
2695.3125,6.60132950953218E-9
2699.21875,7.28245746224312E-9
2703.125,7.18814469202207E-9
2707.03125,6.72239957992742E-9
2710.9375,6.34059165804785E-9
2714.84375,5.98464548913866E-9
2718.75,5.9580816321897E-9
2722.65625,6.12098310567314E-9
2726.5625,6.18977624966109E-9
2730.46875,6.17924668448439E-9
2734.375,6.1500233045047E-9
2738.28125,6.07844034203705E-9
2742.1875,6.00061289713894E-9
2746.09375,5.99836223733117E-9
2750,6.12250482002833E-9
2753.90625,6.25407927601111E-9
2757.8125,6.17955075882379E-9
2761.71875,6.1578571874145E-9
2765.625,6.09443848726702E-9
2769.53125,5.79042615259995E-9
2773.4375,5.72828778329466E-9
2777.34375,5.88845817917573E-9
2781.25,5.93167541346031E-9
2785.15625,5.90059889569485E-9
2789.0625,5.75803986180071E-9
2792.96875,5.5643169374609E-9
2796.875,5.68864734016104E-9
2800.78125,6.15297204843169E-9
2804.6875,6.52104539505461E-9
2808.59375,6.40584787558297E-9
2812.5,6.0905971464891E-9
2816.40625,6.03512844239519E-9
2820.3125,5.9572485372334E-9
2824.21875,5.81617330102686E-9
2828.125,5.93450432310975E-9
2832.03125,6.0922611054499E-9
2835.9375,6.17665106057172E-9
2839.84375,6.17973789307295E-9
2843.75,5.97185453482485E-9
2847.65625,5.82742841652041E-9
2851.5625,5.91489514174826E-9
2855.46875,5.97711518169323E-9
2859.375,5.860803696783E-9
2863.28125,5.72276824374327E-9
2867.1875,5.77605087324588E-9
2871.09375,5.96721982393497E-9
2875,5.99707292835005E-9
2878.90625,5.81258197868591E-9
2882.8125,5.83573149423556E-9
2886.71875,6.10267941963693E-9
2890.625,6.26383387958958E-9
2894.53125,6.1305478018406E-9
2898.4375,5.79303555175072E-9
2902.34375,5.76076257877442E-9
2906.25,5.94240946793797E-9
2910.15625,5.77819407138676E-9
2914.0625,5.61377335426891E-9
2917.96875,5.80302417589036E-9
2921.875,6.07448301051083E-9
2925.78125,6.13838737689397E-9
2929.6875,6.02981681638914E-9
2933.59375,5.99433496560118E-9
2937.5,6.10847664424285E-9
2941.40625,6.23628383281864E-9
2945.3125,6.31302062653686E-9
2949.21875,6.3802538450157E-9
2953.125,6.34720944601237E-9
2957.03125,6.28991160635874E-9
2960.9375,6.34624569445887E-9
2964.84375,6.32630527235385E-9
2968.75,6.05543915548071E-9
2972.65625,5.7142857906785E-9
2976.5625,5.56456374537431E-9
2980.46875,5.50187392075947E-9
2984.375,5.69477699497478E-9
2988.28125,5.98769838363034E-9
2992.1875,6.02116360114091E-9
2996.09375,6.10783639262085E-9
3000,6.16428678602059E-9
3003.90625,5.98894762329627E-9
3007.8125,5.85634717198855E-9
3011.71875,5.89306980735301E-9
3015.625,5.93836637369412E-9
3019.53125,5.93486804151815E-9
3023.4375,5.8602271026881E-9
3027.34375,5.69692234449485E-9
3031.25,5.63461605675718E-9
3035.15625,5.67203148819405E-9
3039.0625,5.72969036648369E-9
3042.96875,5.85387116369676E-9
3046.875,5.94940367976664E-9
3050.78125,5.80279751419521E-9
3054.6875,5.64345458382345E-9
3058.59375,5.80075452686968E-9
3062.5,5.9077576784438E-9
3066.40625,5.98131214394798E-9
3070.3125,6.03858412264115E-9
3074.21875,5.81103036879131E-9
3078.125,5.5732883313972E-9
3082.03125,5.62074790026208E-9
3085.9375,5.80346036285843E-9
3089.84375,5.89374583113017E-9
3093.75,5.97190160304437E-9
3097.65625,6.1480077397019E-9
3101.5625,6.25212046937837E-9
3105.46875,6.07118942852672E-9
3109.375,5.65387122429149E-9
3113.28125,5.37198636826293E-9
3117.1875,5.42245161943907E-9
3121.09375,5.46416255306714E-9
3125,5.59557662728931E-9
3128.90625,5.79637333090705E-9
3132.8125,5.8148233669479E-9
3136.71875,5.84610394900935E-9
3140.625,5.97789235422174E-9
3144.53125,5.99237436028248E-9
3148.4375,5.78872900334726E-9
3152.34375,5.66022476807707E-9
3156.25,5.8576692812161E-9
3160.15625,5.93166614203847E-9
3164.0625,5.90661334248674E-9
3167.96875,6.11464038501772E-9
3171.875,6.2128854603749E-9
3175.78125,6.04444004127305E-9
3179.6875,6.05646860466747E-9
3183.59375,6.36348999004559E-9
3187.5,6.52163079195539E-9
3191.40625,6.27999682564967E-9
3195.3125,5.81070175179096E-9
3199.21875,5.56851776832467E-9
3203.125,5.61560635085063E-9
3207.03125,5.6970440840729E-9
3210.9375,5.7939059691906E-9
3214.84375,5.86628971174295E-9
3218.75,5.89370772909138E-9
3222.65625,5.9181458667788E-9
3226.5625,5.94731858358288E-9
3230.46875,5.83446044577166E-9
3234.375,5.78849623979466E-9
3238.28125,5.96988910548932E-9
3242.1875,5.95302152247316E-9
3246.09375,5.66264219862977E-9
3250,5.64454618015299E-9
3253.90625,5.77522537781596E-9
3257.8125,5.70500326450116E-9
3261.71875,5.58716300774383E-9
3265.625,5.72102004931925E-9
3269.53125,6.11584945763411E-9
3273.4375,6.30322362915888E-9
3277.34375,6.17153054964353E-9
3281.25,6.16308795943975E-9
3285.15625,6.36961201658183E-9
3289.0625,6.26392655425602E-9
3292.96875,5.99077955725579E-9
3296.875,6.13257632910184E-9
3300.78125,6.33892516634728E-9
3304.6875,6.2831097158456E-9
3308.59375,6.16234182807195E-9
3312.5,6.10183877794083E-9
3316.40625,6.00501145573628E-9
3320.3125,5.77604214545891E-9
3324.21875,5.48601957178285E-9
3328.125,5.24628082819054E-9
3332.03125,5.19676198904225E-9
3335.9375,5.35668929228753E-9
3339.84375,5.64024000973409E-9
3343.75,5.82223901468516E-9
3347.65625,5.84465925442346E-9
3351.5625,5.87012950004787E-9
3355.46875,5.95687900475848E-9
3359.375,6.00424771607317E-9
3363.28125,5.98028738306084E-9
3367.1875,5.93314243340788E-9
3371.09375,5.93069951679592E-9
3375,5.78817848396216E-9
3378.90625,5.57752622810161E-9
3382.8125,5.54313908718204E-9
3386.71875,5.67882392477503E-9
3390.625,5.79631007834215E-9
3394.53125,5.84242565177794E-9
3398.4375,5.80319159975019E-9
3402.34375,5.67239426202693E-9
3406.25,5.49162517988051E-9
3410.15625,5.51558674405004E-9
3414.0625,5.65535655328701E-9
3417.96875,5.67556855330555E-9
3421.875,5.75568744823434E-9
3425.78125,5.81532460496685E-9
3429.6875,5.71557554571008E-9
3433.59375,5.70426737989029E-9
3437.5,5.8044497566113E-9
3441.40625,5.6802279641728E-9
3445.3125,5.51531918674049E-9
3449.21875,5.58566091233268E-9
3453.125,5.77863107515906E-9
3457.03125,5.96108175763739E-9
3460.9375,6.00756808101407E-9
3464.84375,5.93426311892105E-9
3468.75,5.90898012742619E-9
3472.65625,5.82508409382577E-9
3476.5625,5.61642429946875E-9
3480.46875,5.5232904836511E-9
3484.375,5.67156795497577E-9
3488.28125,5.98857188389861E-9
3492.1875,6.22834256560081E-9
3496.09375,6.26239383174564E-9
3500,5.99631989667237E-9
3503.90625,5.8209923134805E-9
3507.8125,5.92422140585678E-9
3511.71875,6.00392331357143E-9
3515.625,6.1558833968942E-9
3519.53125,6.34263248957269E-9
3523.4375,6.16430586820535E-9
3527.34375,5.66877275504111E-9
3531.25,5.53259044850913E-9
3535.15625,5.81950227207821E-9
3539.0625,6.10129347551183E-9
3542.96875,6.09402513286683E-9
3546.875,5.95440221208819E-9
3550.78125,5.93752948334897E-9
3554.6875,6.04636582533626E-9
3558.59375,6.01345572745192E-9
3562.5,5.79043855220194E-9
3566.40625,5.59956140430004E-9
3570.3125,5.37071763744748E-9
3574.21875,5.33466778482662E-9
3578.125,5.64576690480956E-9
3582.03125,5.94468953475591E-9
3585.9375,6.04790681936208E-9
3589.84375,5.99144736097476E-9
3593.75,5.94797791151076E-9
3597.65625,5.87655441982447E-9
3601.5625,5.84547520577684E-9
3605.46875,5.98302462507927E-9
3609.375,6.07306094959749E-9
3613.28125,6.03584955131212E-9
3617.1875,5.96361085083807E-9
3621.09375,6.00483185081405E-9
3625,6.11882240998406E-9
3628.90625,6.12409949418116E-9
3632.8125,6.18891757137159E-9
3636.71875,6.2677854807823E-9
3640.625,6.01810762964586E-9
3644.53125,5.77431457741756E-9
3648.4375,5.90606294784716E-9
3652.34375,6.02820885824998E-9
3656.25,6.12606357596334E-9
3660.15625,6.1480052549298E-9
3664.0625,5.91957494929212E-9
3667.96875,5.91103248693216E-9
3671.875,6.16639959330646E-9
3675.78125,6.36357809261449E-9
3679.6875,6.32020365752723E-9
3683.59375,6.15910589412716E-9
3687.5,6.29741816732228E-9
3691.40625,6.66802440897946E-9
3695.3125,6.71939335001095E-9
3699.21875,6.3757161845715E-9
3703.125,6.37379499940767E-9
3707.03125,6.9443551521454E-9
3710.9375,7.52616716747012E-9
3714.84375,7.7095043041072E-9
3718.75,7.31105920404621E-9
3722.65625,6.70691628430473E-9
3726.5625,6.55970343965038E-9
3730.46875,6.9774939425622E-9
3734.375,7.37096065421357E-9
3738.28125,7.44516765730133E-9
3742.1875,7.47723963564097E-9
3746.09375,7.5790485283606E-9
3750,7.75320807441016E-9
3753.90625,7.88224478314025E-9
3757.8125,7.68413501009917E-9
3761.71875,7.39989290872717E-9
3765.625,7.35352846371894E-9
3769.53125,7.63885911973731E-9
3773.4375,8.01259759842708E-9
3777.34375,7.83285670663905E-9
3781.25,7.1772391368483E-9
3785.15625,6.66498494357691E-9
3789.0625,6.58677210224995E-9
3792.96875,6.78491293747259E-9
3796.875,6.88801534621167E-9
3800.78125,6.68784731173645E-9
3804.6875,6.457487702918E-9
3808.59375,6.54709494588246E-9
3812.5,6.63761177205192E-9
3816.40625,6.48013705000325E-9
3820.3125,6.41900537966824E-9
3824.21875,6.5499719836264E-9
3828.125,6.45722628920836E-9
3832.03125,6.18922413245379E-9
3835.9375,6.23376366601225E-9
3839.84375,6.29937986397568E-9
3843.75,6.0484667849982E-9
3847.65625,5.84152192945754E-9
3851.5625,5.92561189964815E-9
3855.46875,6.15362721572077E-9
3859.375,6.26702500095774E-9
3863.28125,6.23109170589949E-9
3867.1875,6.19087885581964E-9
3871.09375,6.19085442687953E-9
3875,6.3389610742709E-9
3878.90625,6.61128922489207E-9
3882.8125,6.66187919685665E-9
3886.71875,6.3697563940657E-9
3890.625,6.18703665210905E-9
3894.53125,6.25289888631744E-9
3898.4375,6.09581797060004E-9
3902.34375,5.777253066004E-9
3906.25,5.74898024656293E-9
3910.15625,5.83206630043484E-9
3914.0625,5.96353861323593E-9
3917.96875,6.08056162348599E-9
3921.875,5.97788264338309E-9
3925.78125,5.90268574355462E-9
3929.6875,6.05859455330045E-9
3933.59375,6.15986432141569E-9
3937.5,5.95649354847273E-9
3941.40625,5.55506871244412E-9
3945.3125,5.4863651303228E-9
3949.21875,5.83743408208601E-9
3953.125,6.06957179244556E-9
3957.03125,5.90833816640211E-9
3960.9375,5.7253521798106E-9
3964.84375,5.82942117503074E-9
3968.75,6.00454004496093E-9
3972.65625,5.99232184435191E-9
3976.5625,5.94723535974781E-9
3980.46875,6.11024799085007E-9
3984.375,6.29898238355874E-9
3988.28125,6.35151998580573E-9
3992.1875,6.26919724241828E-9
3996.09375,6.22693478914797E-9
4000,6.36564131247402E-9
4003.90625,6.43646154741767E-9
4007.8125,6.18906320212043E-9
4011.71875,5.75691804097291E-9
4015.625,5.3555119253346E-9
4019.53125,5.30340063171122E-9
4023.4375,5.5053510442069E-9
4027.34375,5.77578215715082E-9
4031.25,6.09306445812692E-9
4035.15625,6.15932589229891E-9
4039.0625,5.86407450790124E-9
4042.96875,5.65659492972719E-9
4046.875,5.70455258661133E-9
4050.78125,5.76467636803184E-9
4054.6875,5.97843460286203E-9
4058.59375,6.23469212518313E-9
4062.5,6.13588376622652E-9
4066.40625,5.81252494733584E-9
4070.3125,5.76401992554371E-9
4074.21875,5.9071892879755E-9
4078.125,5.97402414766247E-9
4082.03125,6.03449990127214E-9
4085.9375,6.00397242033083E-9
4089.84375,5.86559411585013E-9
4093.75,5.64110448564544E-9
4097.65625,5.52713639217116E-9
4101.5625,5.89218500109366E-9
4105.46875,6.40110713086794E-9
4109.375,6.5793795075156E-9
4113.28125,6.44734300185133E-9
4117.1875,6.21585968023276E-9
4121.09375,5.95775984416063E-9
4125,5.72326419798842E-9
4128.90625,5.65963772633292E-9
4132.8125,5.65323272089496E-9
4136.71875,5.75438491480329E-9
4140.625,6.15390996626038E-9
4144.53125,6.4827002356993E-9
4148.4375,6.35669401414138E-9
4152.34375,5.96552226778184E-9
4156.25,5.67044734630993E-9
4160.15625,5.59089858369623E-9
4164.0625,5.5767044917375E-9
4167.96875,5.38619695066383E-9
4171.875,5.20589405968478E-9
4175.78125,5.35114188186174E-9
4179.6875,5.7281640408413E-9
4183.59375,6.1559570997547E-9
4187.5,6.48290595369867E-9
4191.40625,6.61726903214081E-9
4195.3125,6.57731597954163E-9
4199.21875,6.41003342725225E-9
4203.125,6.13501679795325E-9
4207.03125,5.78831493108701E-9
4210.9375,5.55398593503419E-9
4214.84375,5.30684458009273E-9
4218.75,5.13604171152566E-9
4222.65625,5.12537740411713E-9
4226.5625,5.2471179189495E-9
4230.46875,5.8098530452722E-9
4234.375,6.62312465559883E-9
4238.28125,7.10068169760447E-9
4242.1875,7.08963018464082E-9
4246.09375,6.86274146961859E-9
4250,6.59319330485938E-9
4253.90625,6.31219226664296E-9
4257.8125,6.21004905061511E-9
4261.71875,6.1608262339954E-9
4265.625,5.83001444145294E-9
4269.53125,5.66771924698907E-9
4273.4375,5.88439670752845E-9
4277.34375,5.89096788376011E-9
4281.25,5.75578485431439E-9
4285.15625,5.87974657966648E-9
4289.0625,5.99934240555635E-9
4292.96875,5.8638051362347E-9
4296.875,5.69282082831651E-9
4300.78125,5.63316078455779E-9
4304.6875,5.60526059223644E-9
4308.59375,5.70650928259445E-9
4312.5,5.93132772522318E-9
4316.40625,6.1722327525542E-9
4320.3125,6.26056451304141E-9
4324.21875,6.10415739650835E-9
4328.125,5.82099152617164E-9
4332.03125,5.71013548199771E-9
4335.9375,5.79951980193646E-9
4339.84375,5.98449411815414E-9
4343.75,6.14044640254481E-9
4347.65625,6.23461984314328E-9
4351.5625,6.18259685686677E-9
4355.46875,5.9544753301895E-9
4359.375,5.65016457500868E-9
4363.28125,5.48787018628256E-9
4367.1875,5.77202914010879E-9
4371.09375,5.94352043829844E-9
4375,5.71197900955775E-9
4378.90625,5.53998156803739E-9
4382.8125,5.60692036783651E-9
4386.71875,5.60999991048301E-9
4390.625,5.63426549173187E-9
4394.53125,5.80038029180345E-9
4398.4375,5.91642674235206E-9
4402.34375,5.96193814658044E-9
4406.25,6.06676985622457E-9
4410.15625,6.17363370197119E-9
4414.0625,6.30407303828861E-9
4417.96875,6.35480025226521E-9
4421.875,6.30876562703358E-9
4425.78125,6.32705403953429E-9
4429.6875,6.34452530854066E-9
4433.59375,6.17474982891434E-9
4437.5,5.72467895291502E-9
4441.40625,5.28025405970575E-9
4445.3125,5.26724591423676E-9
4449.21875,5.52886548745381E-9
4453.125,5.76714458005838E-9
4457.03125,5.89246448252967E-9
4460.9375,5.81434809665663E-9
4464.84375,5.65877122242497E-9
4468.75,5.60895769665731E-9
4472.65625,5.67154506013953E-9
4476.5625,5.73060905900984E-9
4480.46875,5.65059769242502E-9
4484.375,5.58232603639081E-9
4488.28125,5.64199590538958E-9
4492.1875,5.76895479608334E-9
4496.09375,5.97411364676835E-9
4500,6.10035848639587E-9
4503.90625,5.98327075714109E-9
4507.8125,5.76605950233936E-9
4511.71875,5.64256339452328E-9
4515.625,5.75396943301602E-9
4519.53125,6.03943635127985E-9
4523.4375,6.14507476113762E-9
4527.34375,6.02590842334093E-9
4531.25,5.97080179808612E-9
4535.15625,6.03109836561001E-9
4539.0625,6.02425250959408E-9
4542.96875,5.77460055723117E-9
4546.875,5.38878182103271E-9
4550.78125,5.37154472126201E-9
4554.6875,5.67148445571513E-9
4558.59375,5.82518296196133E-9
4562.5,5.90144412951661E-9
4566.40625,5.96095567203531E-9
4570.3125,5.84648623155805E-9
4574.21875,5.58015743515001E-9
4578.125,5.5334237053521E-9
4582.03125,5.86442253652987E-9
4585.9375,6.21582699342866E-9
4589.84375,6.29066446257487E-9
4593.75,6.09575080822033E-9
4597.65625,5.92289429247934E-9
4601.5625,5.90771527085183E-9
4605.46875,5.9359992100263E-9
4609.375,5.98267481416771E-9
4613.28125,5.98091651305806E-9
4617.1875,5.91847910071991E-9
4621.09375,6.03725051911974E-9
4625,6.19600852523389E-9
4628.90625,5.95519517486252E-9
4632.8125,5.65917371784363E-9
4636.71875,5.73806086159407E-9
4640.625,6.10518588726275E-9
4644.53125,6.54252963527593E-9
4648.4375,6.57625934939982E-9
4652.34375,6.11142818675309E-9
4656.25,5.67458333995859E-9
4660.15625,5.57730190608877E-9
4664.0625,5.71672284892844E-9
4667.96875,5.91943946322729E-9
4671.875,6.02938788367978E-9
4675.78125,5.90705041447508E-9
4679.6875,5.58172833871674E-9
4683.59375,5.39403309225813E-9
4687.5,5.62482972808753E-9
4691.40625,6.08848538326323E-9
4695.3125,6.25385821418569E-9
4699.21875,6.01451649188219E-9
4703.125,5.80489004708874E-9
4707.03125,5.69929633329749E-9
4710.9375,5.59472504924678E-9
4714.84375,5.59759925407731E-9
4718.75,5.73892817086391E-9
4722.65625,5.85681877330074E-9
4726.5625,5.77100665841697E-9
4730.46875,5.65617712615194E-9
4734.375,5.90872986658274E-9
4738.28125,6.1927132185166E-9
4742.1875,6.02099437307593E-9
4746.09375,5.83040459127657E-9
4750,5.90061779504843E-9
4753.90625,5.91207106079276E-9
4757.8125,5.92515247720057E-9
4761.71875,6.15866885077256E-9
4765.625,6.35600762370535E-9
4769.53125,6.30361284481041E-9
4773.4375,6.09908723222948E-9
4777.34375,5.80901762661121E-9
4781.25,5.60297599616405E-9
4785.15625,5.59273962368612E-9
4789.0625,5.6185840687375E-9
4792.96875,5.69154819449879E-9
4796.875,5.90234670039592E-9
4800.78125,6.12425315173149E-9
4804.6875,6.28871996649865E-9
4808.59375,6.29496882697831E-9
4812.5,6.13791749879889E-9
4816.40625,6.05632432583786E-9
4820.3125,5.96978930725621E-9
4824.21875,5.77774090613323E-9
4828.125,5.85964236999887E-9
4832.03125,6.19516057421391E-9
4835.9375,6.18713023018598E-9
4839.84375,5.88004587758516E-9
4843.75,5.79946395918669E-9
4847.65625,5.94177497521322E-9
4851.5625,5.95131144564459E-9
4855.46875,5.96129676331561E-9
4859.375,6.07225293786269E-9
4863.28125,6.10047743378061E-9
4867.1875,6.11804041757646E-9
4871.09375,6.14490074164518E-9
4875,6.11305373904465E-9
4878.90625,6.05305468166207E-9
4882.8125,5.83491313308628E-9
4886.71875,5.5073668642242E-9
4890.625,5.38003828299672E-9
4894.53125,5.39214177321975E-9
4898.4375,5.38263490899313E-9
4902.34375,5.41782090246702E-9
4906.25,5.55787052280381E-9
4910.15625,5.71824715259389E-9
4914.0625,5.84046113254035E-9
4917.96875,5.78908551984862E-9
4921.875,5.60913254719555E-9
4925.78125,5.56159775674842E-9
4929.6875,5.70904973709219E-9
4933.59375,5.87168032254521E-9
4937.5,5.97649127491974E-9
4941.40625,5.87349551349259E-9
4945.3125,5.5953186283904E-9
4949.21875,5.51630625926255E-9
4953.125,5.56383454600454E-9
4957.03125,5.66258770381041E-9
4960.9375,5.99670712368938E-9
4964.84375,6.16568631995602E-9
4968.75,5.98554725412558E-9
4972.65625,5.94973362246867E-9
4976.5625,6.15106175935867E-9
4980.46875,6.19074683969313E-9
4984.375,6.05088235285799E-9
4988.28125,5.83954481088912E-9
4992.1875,5.70105226100742E-9
4996.09375,5.70522711740837E-9
5000,5.68269145662131E-9
5003.90625,5.58884455824477E-9
5007.8125,5.49505040811499E-9
5011.71875,5.52083112732967E-9
5015.625,5.66319844743215E-9
5019.53125,5.73497336930578E-9
5023.4375,5.79196692957971E-9
5027.34375,5.8635357521932E-9
5031.25,5.84974493985053E-9
5035.15625,5.78864693019234E-9
5039.0625,5.73714096588336E-9
5042.96875,5.7054268639029E-9
5046.875,5.79345535134377E-9
5050.78125,5.94798972583628E-9
5054.6875,6.07781024771699E-9
5058.59375,6.16264475342702E-9
5062.5,6.10611988700963E-9
5066.40625,6.0392537229134E-9
5070.3125,6.09029991832978E-9
5074.21875,6.13221885673506E-9
5078.125,6.02134753929536E-9
5082.03125,5.90197761295504E-9
5085.9375,5.82103272852549E-9
5089.84375,5.7791283151173E-9
5093.75,5.83281460915458E-9
5097.65625,5.97802319345702E-9
5101.5625,6.09416626308217E-9
5105.46875,6.14292353412231E-9
5109.375,6.05906453186756E-9
5113.28125,5.86008450941348E-9
5117.1875,5.84775701725436E-9
5121.09375,6.07809024184885E-9
5125,6.20959935591951E-9
5128.90625,6.23912031338059E-9
5132.8125,6.26228161899051E-9
5136.71875,6.20867526394454E-9
5140.625,6.10847014202463E-9
5144.53125,5.9309089269984E-9
5148.4375,5.72503732334065E-9
5152.34375,5.75029595907658E-9
5156.25,5.91141522224285E-9
5160.15625,5.90930896647011E-9
5164.0625,5.85435157552031E-9
5167.96875,5.8817823882402E-9
5171.875,6.04142745158107E-9
5175.78125,6.19583495005765E-9
5179.6875,6.24254920950186E-9
5183.59375,6.15330224756187E-9
5187.5,6.08675112264744E-9
5191.40625,6.08828515672263E-9
5195.3125,5.94305982979354E-9
5199.21875,5.7203674097771E-9
5203.125,5.54959160307749E-9
5207.03125,5.63549332267422E-9
5210.9375,5.81468149928644E-9
5214.84375,5.73536359182046E-9
5218.75,5.64889693451182E-9
5222.65625,5.86392028501837E-9
5226.5625,6.14029862358504E-9
5230.46875,6.09458662625856E-9
5234.375,5.85702378282528E-9
5238.28125,5.81545831367943E-9
5242.1875,5.84511402675565E-9
5246.09375,5.78655301143335E-9
5250,5.79806929648881E-9
5253.90625,5.96389057117082E-9
5257.8125,6.21001387326541E-9
5261.71875,6.26709812802776E-9
5265.625,6.0296959683824E-9
5269.53125,5.70470067424228E-9
5273.4375,5.6820008077621E-9
5277.34375,5.83431722274867E-9
5281.25,5.7334063518624E-9
5285.15625,5.55246853638998E-9
5289.0625,5.52755289464641E-9
5292.96875,5.59517774777972E-9
5296.875,5.6712185966551E-9
5300.78125,5.66450684644486E-9
5304.6875,5.60957781951292E-9
5308.59375,5.6598031838004E-9
5312.5,5.75968902976723E-9
5316.40625,5.8134586667219E-9
5320.3125,5.72908831104888E-9
5324.21875,5.56733772831989E-9
5328.125,5.67930192887982E-9
5332.03125,6.06234806991909E-9
5335.9375,6.47235289364442E-9
5339.84375,6.5997154315685E-9
5343.75,6.40013430981332E-9
5347.65625,6.27563399450621E-9
5351.5625,6.2142703618637E-9
5355.46875,5.97762530041062E-9
5359.375,5.71466058473348E-9
5363.28125,5.53320035623532E-9
5367.1875,5.44391012077351E-9
5371.09375,5.52055635280055E-9
5375,5.80112794778906E-9
5378.90625,6.16707884815368E-9
5382.8125,6.39416168083141E-9
5386.71875,6.24490585040062E-9
5390.625,5.79342924660281E-9
5394.53125,5.59523945173958E-9
5398.4375,5.8115632146218E-9
5402.34375,6.00653126817311E-9
5406.25,5.92738995678409E-9
5410.15625,5.72597810573817E-9
5414.0625,5.71935812862806E-9
5417.96875,5.86984635265538E-9
5421.875,5.82007791370249E-9
5425.78125,5.71076682076988E-9
5429.6875,5.71983541608275E-9
5433.59375,5.7880438811323E-9
5437.5,5.92250765610862E-9
5441.40625,6.03493682402768E-9
5445.3125,6.13315421944836E-9
5449.21875,6.17719564595594E-9
5453.125,6.1843657469598E-9
5457.03125,6.16386993706326E-9
5460.9375,6.11182336769782E-9
5464.84375,6.13129580906082E-9
5468.75,6.15380272614514E-9
5472.65625,6.18642354489142E-9
5476.5625,6.18743317641594E-9
5480.46875,5.94552824358679E-9
5484.375,5.54411652244555E-9
5488.28125,5.36942584633183E-9
5492.1875,5.48850760866704E-9
5496.09375,5.73094999882611E-9
5500,5.91307586691472E-9
5503.90625,5.94280766236026E-9
5507.8125,5.86593007474552E-9
5511.71875,5.84651183810824E-9
5515.625,5.97118888908679E-9
5519.53125,6.07824154390194E-9
5523.4375,6.11158541234027E-9
5527.34375,6.18851546461209E-9
5531.25,6.23957155292196E-9
5535.15625,6.15350830270171E-9
5539.0625,6.04419918034302E-9
5542.96875,6.04843369870892E-9
5546.875,6.00624386869804E-9
5550.78125,5.89189513528478E-9
5554.6875,5.89655692659219E-9
5558.59375,5.8647713259375E-9
5562.5,5.61621159532705E-9
5566.40625,5.47647399667693E-9
5570.3125,5.56471391123986E-9
5574.21875,5.66486174240669E-9
5578.125,5.59240473555843E-9
5582.03125,5.48123381220557E-9
5585.9375,5.67567621652877E-9
5589.84375,5.97727824040582E-9
5593.75,6.12364573290546E-9
5597.65625,5.92154856514308E-9
5601.5625,5.52980925633221E-9
5605.46875,5.44411524602559E-9
5609.375,5.45757768556624E-9
5613.28125,5.3708001240131E-9
5617.1875,5.35770330890273E-9
5621.09375,5.5101072624968E-9
5625,5.70135986787612E-9
5628.90625,5.88097900733114E-9
5632.8125,6.04315803512232E-9
5636.71875,6.24651696572838E-9
5640.625,6.40061882945837E-9
5644.53125,6.45152981044826E-9
5648.4375,6.37682736556377E-9
5652.34375,6.1441787567143E-9
5656.25,6.02738570961704E-9
5660.15625,6.04087593724793E-9
5664.0625,5.93037366702892E-9
5667.96875,5.75831948698147E-9
5671.875,5.80955644201415E-9
5675.78125,5.91659173180799E-9
5679.6875,5.89765192706978E-9
5683.59375,5.86041192134906E-9
5687.5,5.71297141127037E-9
5691.40625,5.47634400638466E-9
5695.3125,5.26100810671933E-9
5699.21875,5.31763822003691E-9
5703.125,5.60802070994177E-9
5707.03125,5.73920659779451E-9
5710.9375,5.71926597844944E-9
5714.84375,5.78317760214632E-9
5718.75,6.0220426479256E-9
5722.65625,6.16318983282681E-9
5726.5625,6.11335260966765E-9
5730.46875,5.90194914101541E-9
5734.375,5.62089439090265E-9
5738.28125,5.47926023553862E-9
5742.1875,5.54840808850004E-9
5746.09375,5.57881802680445E-9
5750,5.42481731060758E-9
5753.90625,5.44266966385853E-9
5757.8125,5.61065585851844E-9
5761.71875,5.69061111580452E-9
5765.625,5.78083409667223E-9
5769.53125,5.92309985204084E-9
5773.4375,6.10529147918179E-9
5777.34375,6.22952957010629E-9
5781.25,6.13519333876111E-9
5785.15625,6.03184781524045E-9
5789.0625,6.05231669225916E-9
5792.96875,6.04650175174832E-9
5796.875,6.0898225671421E-9
5800.78125,6.10030189166802E-9
5804.6875,5.9704054707247E-9
5808.59375,5.8571959226852E-9
5812.5,5.77906223040043E-9
5816.40625,5.82975528788474E-9
5820.3125,6.02688183041996E-9
5824.21875,6.10834759892535E-9
5828.125,6.10142141815263E-9
5832.03125,6.28375277316867E-9
5835.9375,6.51537657821419E-9
5839.84375,6.47407635747331E-9
5843.75,6.1346086679502E-9
5847.65625,5.77987449130203E-9
5851.5625,5.65449641758436E-9
5855.46875,5.75924289645307E-9
5859.375,5.88758098284914E-9
5863.28125,5.77144182420363E-9
5867.1875,5.60513304358669E-9
5871.09375,5.7389742213746E-9
5875,5.83743879263169E-9
5878.90625,5.62387609975653E-9
5882.8125,5.47821936145793E-9
5886.71875,5.67088645733991E-9
5890.625,5.89649345333204E-9
5894.53125,6.00310879521366E-9
5898.4375,6.10492189947494E-9
5902.34375,6.17735639086544E-9
5906.25,6.07599248557913E-9
5910.15625,5.88434011259971E-9
5914.0625,5.6907807731141E-9
5917.96875,5.541371439962E-9
5921.875,5.61261289983988E-9
5925.78125,5.83312548132976E-9
5929.6875,5.98405402292023E-9
5933.59375,6.02307171801337E-9
5937.5,5.96011759629322E-9
5941.40625,5.92439803960924E-9
5945.3125,6.00515925689088E-9
5949.21875,6.04088858142335E-9
5953.125,6.04023079629375E-9
5957.03125,5.99655147162423E-9
5960.9375,6.00693055258418E-9
5964.84375,6.2175881495014E-9
5968.75,6.3815866259907E-9
5972.65625,6.32662159564648E-9
5976.5625,5.96978470114363E-9
5980.46875,5.54751209450425E-9
5984.375,5.49845599933063E-9
5988.28125,5.61755078991509E-9
5992.1875,5.60673918162115E-9
5996.09375,5.66944750102769E-9
6000,6.04909286470825E-9
6003.90625,6.42717265561037E-9
6007.8125,6.39033197530914E-9
6011.71875,5.90062038399626E-9
6015.625,5.42962719355552E-9
6019.53125,5.32920322732437E-9
6023.4375,5.65684770346155E-9
6027.34375,6.00553090602649E-9
6031.25,6.13573762019448E-9
6035.15625,6.26459986770338E-9
6039.0625,6.29968953694891E-9
6042.96875,6.11871430523739E-9
6046.875,5.89577576934208E-9
6050.78125,5.67090989359857E-9
6054.6875,5.44852679539158E-9
6058.59375,5.49894273705235E-9
6062.5,5.78747349989586E-9
6066.40625,5.96610840171623E-9
6070.3125,6.00246010407432E-9
6074.21875,5.99947201311224E-9
6078.125,5.88699585318903E-9
6082.03125,5.7619048613227E-9
6085.9375,5.74840598926821E-9
6089.84375,5.62275875553016E-9
6093.75,5.43617116812327E-9
6097.65625,5.49372361848891E-9
6101.5625,5.67905445850797E-9
6105.46875,5.85488674075114E-9
6109.375,6.00662842134577E-9
6113.28125,6.05116914695588E-9
6117.1875,6.08272862693483E-9
6121.09375,6.07956213531482E-9
6125,5.89247251936932E-9
6128.90625,5.74022489712879E-9
6132.8125,5.81800580993442E-9
6136.71875,5.95656920553282E-9
6140.625,6.00311337575708E-9
6144.53125,5.95122956111253E-9
6148.4375,5.73276924561683E-9
6152.34375,5.50936919179732E-9
6156.25,5.68036781115888E-9
6160.15625,5.96439183202283E-9
6164.0625,5.87344323509974E-9
6167.96875,5.62527674512189E-9
6171.875,5.57434543565307E-9
6175.78125,5.6572001095287E-9
6179.6875,5.77440532000253E-9
6183.59375,5.85977819585728E-9
6187.5,5.84435997401463E-9
6191.40625,5.74536314246161E-9
6195.3125,5.79744878242527E-9
6199.21875,6.08500180687795E-9
6203.125,6.31555875303645E-9
6207.03125,6.23002490592181E-9
6210.9375,5.94073079410742E-9
6214.84375,5.75393544979181E-9
6218.75,5.69994495323553E-9
6222.65625,5.63759105020537E-9
6226.5625,5.62648916109668E-9
6230.46875,5.6651184617967E-9
6234.375,5.787774402139E-9
6238.28125,5.88511707706763E-9
6242.1875,5.71273368913366E-9
6246.09375,5.4376800032144E-9
6250,5.37956634430829E-9
6253.90625,5.49521470532435E-9
6257.8125,5.57762537610396E-9
6261.71875,5.51908844327008E-9
6265.625,5.30880139383381E-9
6269.53125,5.10473104503797E-9
6273.4375,5.13035100334451E-9
6277.34375,5.41500389700408E-9
6281.25,5.70941015879957E-9
6285.15625,5.93772784705953E-9
6289.0625,6.15347553294812E-9
6292.96875,6.19668675320098E-9
6296.875,6.07789796719427E-9
6300.78125,6.00097108132187E-9
6304.6875,5.89992987135802E-9
6308.59375,5.91072571224515E-9
6312.5,6.14330027702999E-9
6316.40625,6.28191921751432E-9
6320.3125,6.22780245272116E-9
6324.21875,6.07819203185065E-9
6328.125,6.0000657785346E-9
6332.03125,5.85517426422819E-9
6335.9375,5.67459787713645E-9
6339.84375,5.77676201133057E-9
6343.75,5.93709182479616E-9
6347.65625,5.92302892577114E-9
6351.5625,5.92320611089921E-9
6355.46875,5.89623592623828E-9
6359.375,5.76504338141162E-9
6363.28125,5.67787317686965E-9
6367.1875,5.55806814404533E-9
6371.09375,5.38458148582067E-9
6375,5.41890692537818E-9
6378.90625,5.56775040036712E-9
6382.8125,5.55594726544236E-9
6386.71875,5.53148863396913E-9
6390.625,5.67337662434492E-9
6394.53125,5.81859026358463E-9
6398.4375,5.90423111957376E-9
6402.34375,5.97637573894785E-9
6406.25,5.93817935064183E-9
6410.15625,5.72912830783591E-9
6414.0625,5.55332576902893E-9
6417.96875,5.62848086626862E-9
6421.875,6.05640302380737E-9
6425.78125,6.30208953195302E-9
6429.6875,6.11610473124685E-9
6433.59375,6.00111287256486E-9
6437.5,6.11038524627192E-9
6441.40625,6.23162123768499E-9
6445.3125,6.11752377836415E-9
6449.21875,5.87253231995239E-9
6453.125,5.73524266563449E-9
6457.03125,5.7447784187241E-9
6460.9375,5.83911812162891E-9
6464.84375,5.88697639111453E-9
6468.75,5.88972924632323E-9
6472.65625,5.74220136202307E-9
6476.5625,5.4169238954146E-9
6480.46875,5.31421448995114E-9
6484.375,5.70462649701255E-9
6488.28125,6.07980033896217E-9
6492.1875,6.0334907571293E-9
6496.09375,5.8249450986488E-9
6500,5.7759858112439E-9
6503.90625,5.82514231346151E-9
6507.8125,5.80570474641709E-9
6511.71875,5.83944383145249E-9
6515.625,6.02494043715571E-9
6519.53125,6.02870477131564E-9
6523.4375,5.93416503842689E-9
6527.34375,6.1641217350483E-9
6531.25,6.42196097309317E-9
6535.15625,6.40193114452435E-9
6539.0625,6.18322566138343E-9
6542.96875,6.02708333646136E-9
6546.875,5.97644270918596E-9
6550.78125,5.91376329466312E-9
6554.6875,5.90297585586461E-9
6558.59375,5.8187900566011E-9
6562.5,5.63028791135981E-9
6566.40625,5.57315785817025E-9
6570.3125,5.76166359023549E-9
6574.21875,6.02816248309771E-9
6578.125,6.07750560749287E-9
6582.03125,6.07344529602729E-9
6585.9375,6.19987251914375E-9
6589.84375,6.26806527513841E-9
6593.75,6.30399743218775E-9
6597.65625,6.32074892572405E-9
6601.5625,6.23907746473896E-9
6605.46875,6.05021176712911E-9
6609.375,5.94944579020404E-9
6613.28125,6.07805053071924E-9
6617.1875,6.11932720640583E-9
6621.09375,6.10969743811689E-9
6625,6.14997014758976E-9
6628.90625,6.0439100334539E-9
6632.8125,6.09649281120169E-9
6636.71875,6.12631169133178E-9
6640.625,5.881343438459E-9
6644.53125,5.78004707873474E-9
6648.4375,5.9486846750878E-9
6652.34375,6.03282532841421E-9
6656.25,5.92933494969437E-9
6660.15625,5.83409413344992E-9
6664.0625,5.94170067240343E-9
6667.96875,6.15950843273121E-9
6671.875,6.14361607671615E-9
6675.78125,5.97535575592613E-9
6679.6875,6.02684558396425E-9
6683.59375,6.20690567205891E-9
6687.5,6.2116443676881E-9
6691.40625,6.13591986649898E-9
6695.3125,6.19308619257283E-9
6699.21875,6.20036825317491E-9
6703.125,6.0604248437558E-9
6707.03125,6.01470266518877E-9
6710.9375,6.07040331324555E-9
6714.84375,6.04469327609778E-9
6718.75,5.9942049921186E-9
6722.65625,5.97381190156547E-9
6726.5625,5.92281124129806E-9
6730.46875,5.87844632747379E-9
6734.375,5.95603932944457E-9
6738.28125,6.06765916427568E-9
6742.1875,6.04839783397718E-9
6746.09375,5.93718908504041E-9
6750,5.8204091508814E-9
6753.90625,5.67712704842444E-9
6757.8125,5.52135850115384E-9
6761.71875,5.62415180214728E-9
6765.625,5.83379981010321E-9
6769.53125,5.88081795430622E-9
6773.4375,5.90461274342919E-9
6777.34375,5.95802778839161E-9
6781.25,6.00866420727457E-9
6785.15625,6.06815613300795E-9
6789.0625,6.07426220293657E-9
6792.96875,6.01678040511671E-9
6796.875,5.8630540084822E-9
6800.78125,5.67420455258571E-9
6804.6875,5.563044563693E-9
6808.59375,5.54588439654024E-9
6812.5,5.86072080835657E-9
6816.40625,6.28984238763514E-9
6820.3125,6.29007942824211E-9
6824.21875,5.92354292856615E-9
6828.125,5.69016627823977E-9
6832.03125,5.70492694900244E-9
6835.9375,5.77620056596356E-9
6839.84375,5.7564770004564E-9
6843.75,5.81638657192974E-9
6847.65625,6.17420082161081E-9
6851.5625,6.39133258034246E-9
6855.46875,6.29953603611706E-9
6859.375,6.22934344117168E-9
6863.28125,6.14600021344637E-9
6867.1875,6.04019134208276E-9
6871.09375,6.09105462376712E-9
6875,6.10436486029771E-9
6878.90625,6.09980428621427E-9
6882.8125,6.11387784688127E-9
6886.71875,6.0308617846108E-9
6890.625,5.89649008534405E-9
6894.53125,5.84302857856471E-9
6898.4375,5.8676809164943E-9
6902.34375,5.76851838338607E-9
6906.25,5.68700094078234E-9
6910.15625,5.87445074766823E-9
6914.0625,6.19486540381088E-9
6917.96875,6.32065950109735E-9
6921.875,6.29088738786693E-9
6925.78125,6.21723556506081E-9
6929.6875,6.15312970210655E-9
6933.59375,6.07935960461961E-9
6937.5,5.98889023082001E-9
6941.40625,5.99915499164371E-9
6945.3125,6.02490240414102E-9
6949.21875,6.03488619728703E-9
6953.125,6.05981732929514E-9
6957.03125,6.12445943591964E-9
6960.9375,6.16046742518576E-9
6964.84375,5.99971008649424E-9
6968.75,5.75579573609017E-9
6972.65625,5.7606387383445E-9
6976.5625,5.88779919148444E-9
6980.46875,5.95301177106402E-9
6984.375,6.02270673151644E-9
6988.28125,6.0198857735564E-9
6992.1875,5.80736010748686E-9
6996.09375,5.73968303319755E-9
7000,5.90289019528332E-9
7003.90625,5.99627378442063E-9
7007.8125,5.88511629833737E-9
7011.71875,5.57878078600104E-9
7015.625,5.21294749507583E-9
7019.53125,5.00076153714024E-9
7023.4375,5.15127991060449E-9
7027.34375,5.63838278007001E-9
7031.25,5.93642897181131E-9
7035.15625,5.66164502229903E-9
7039.0625,5.22641466490588E-9
7042.96875,5.11685969107081E-9
7046.875,5.35047981472847E-9
7050.78125,5.76688869389587E-9
7054.6875,5.87760194497069E-9
7058.59375,5.83345990576947E-9
7062.5,5.95996816551799E-9
7066.40625,5.89922425846578E-9
7070.3125,5.825911439885E-9
7074.21875,5.93819144171876E-9
7078.125,5.87838525740066E-9
7082.03125,5.68023307402712E-9
7085.9375,5.4588841567079E-9
7089.84375,5.41536329621695E-9
7093.75,5.64373663811438E-9
7097.65625,5.87139438792396E-9
7101.5625,6.03816239067176E-9
7105.46875,6.2476027115916E-9
7109.375,6.2890950197793E-9
7113.28125,6.13195503623741E-9
7117.1875,6.06989520314512E-9
7121.09375,6.03074146416132E-9
7125,5.86408310466556E-9
7128.90625,5.78232036449175E-9
7132.8125,5.93593358497955E-9
7136.71875,5.93254171238611E-9
7140.625,5.70934594278924E-9
7144.53125,5.60244049014687E-9
7148.4375,5.8421947661129E-9
7152.34375,6.07982471159386E-9
7156.25,6.08775570394228E-9
7160.15625,6.03053146756276E-9
7164.0625,6.02276684547693E-9
7167.96875,6.12616656376329E-9
7171.875,6.12011602346675E-9
7175.78125,6.02517623648826E-9
7179.6875,6.0392109739247E-9
7183.59375,6.03008865221523E-9
7187.5,5.87511773306813E-9
7191.40625,5.68777961548058E-9
7195.3125,5.70199110665295E-9
7199.21875,5.87870203527316E-9
7203.125,6.08034832268191E-9
7207.03125,6.19252647637361E-9
7210.9375,6.13328946781688E-9
7214.84375,5.96733784118017E-9
7218.75,5.9156373629322E-9
7222.65625,5.99908012629753E-9
7226.5625,6.06296666911451E-9
7230.46875,6.08894226654077E-9
7234.375,5.98594232374989E-9
7238.28125,6.08944000699573E-9
7242.1875,6.40820906595868E-9
7246.09375,6.31241902977686E-9
7250,5.9110777135301E-9
7253.90625,5.61563600254902E-9
7257.8125,5.60680048588324E-9
7261.71875,5.59862584647698E-9
7265.625,5.36843424770629E-9
7269.53125,5.31107533032414E-9
7273.4375,5.62861331396138E-9
7277.34375,5.94162251204364E-9
7281.25,6.32501808392268E-9
7285.15625,6.73586587988909E-9
7289.0625,6.71944404838586E-9
7292.96875,6.40714290658112E-9
7296.875,6.1317071492231E-9
7300.78125,5.88428637287456E-9
7304.6875,5.72919976806695E-9
7308.59375,5.64762332914759E-9
7312.5,5.61451402549981E-9
7316.40625,5.76323988881009E-9
7320.3125,5.91061328451046E-9
7324.21875,5.99074615236575E-9
7328.125,6.18115271159598E-9
7332.03125,6.2468869719451E-9
7335.9375,5.96311208615292E-9
7339.84375,5.69592365997065E-9
7343.75,5.84756892494381E-9
7347.65625,6.14746007164921E-9
7351.5625,6.53141383068099E-9
7355.46875,6.71292696709244E-9
7359.375,6.4393142348785E-9
7363.28125,6.13808176112055E-9
7367.1875,6.05544218278706E-9
7371.09375,6.14854616612941E-9
7375,6.26755198429376E-9
7378.90625,6.2562584541511E-9
7382.8125,6.17541159122202E-9
7386.71875,6.03401762940422E-9
7390.625,5.744501325574E-9
7394.53125,5.43714704170277E-9
7398.4375,5.30439862775843E-9
7402.34375,5.32764790029863E-9
7406.25,5.23118357244699E-9
7410.15625,5.09300305770277E-9
7414.0625,5.03635162039262E-9
7417.96875,5.16412875281404E-9
7421.875,5.62681794825511E-9
7425.78125,6.05989572981204E-9
7429.6875,5.99390961052801E-9
7433.59375,5.71477312508247E-9
7437.5,5.79302843177166E-9
7441.40625,5.95827290193806E-9
7445.3125,5.94076422308831E-9
7449.21875,5.80445580984488E-9
7453.125,5.61463238234691E-9
7457.03125,5.47290511683557E-9
7460.9375,5.58217278667792E-9
7464.84375,5.90047540116836E-9
7468.75,6.11730627244075E-9
7472.65625,6.10140965054623E-9
7476.5625,5.97227992596487E-9
7480.46875,5.86318741037898E-9
7484.375,5.87745769390806E-9
7488.28125,5.90130253216981E-9
7492.1875,5.86922249535846E-9
7496.09375,5.94744726999816E-9
7500,6.10337027132523E-9
7503.90625,6.14174864416347E-9
7507.8125,6.04867085520922E-9
7511.71875,5.90519664486852E-9
7515.625,5.70680883239803E-9
7519.53125,5.57794718413346E-9
7523.4375,5.71300938171909E-9
7527.34375,5.90785309441274E-9
7531.25,5.93533263169186E-9
7535.15625,5.89477319732619E-9
7539.0625,5.86383900375874E-9
7542.96875,5.7224364268903E-9
7546.875,5.56890237275747E-9
7550.78125,5.596271117596E-9
7554.6875,5.80569132690854E-9
7558.59375,6.11264964072921E-9
7562.5,6.17503482832965E-9
7566.40625,5.95238867422297E-9
7570.3125,5.81003762582616E-9
7574.21875,5.99161844342074E-9
7578.125,6.2695188836643E-9
7582.03125,6.21828711668829E-9
7585.9375,5.86902363829511E-9
7589.84375,5.64643790680104E-9
7593.75,5.62811607618195E-9
7597.65625,5.76686750198616E-9
7601.5625,5.97126026664339E-9
7605.46875,6.12695724292868E-9
7609.375,6.06866237490837E-9
7613.28125,5.86816097872792E-9
7617.1875,5.71565305539347E-9
7621.09375,5.51960076147396E-9
7625,5.46177446657149E-9
7628.90625,5.83376314957167E-9
7632.8125,6.20498022797085E-9
7636.71875,6.16403747308818E-9
7640.625,6.04587969918362E-9
7644.53125,5.98537319062839E-9
7648.4375,5.77348460020099E-9
7652.34375,5.60739278676318E-9
7656.25,5.85397946203648E-9
7660.15625,6.26808696599104E-9
7664.0625,6.44004298375352E-9
7667.96875,6.3179645676859E-9
7671.875,5.97905728485837E-9
7675.78125,5.68193278680965E-9
7679.6875,5.70139818359718E-9
7683.59375,6.01612125369126E-9
7687.5,6.25748898930639E-9
7691.40625,6.07501814636746E-9
7695.3125,5.73807177698193E-9
7699.21875,5.70223597419066E-9
7703.125,5.85963011683955E-9
7707.03125,5.91173281429852E-9
7710.9375,5.96319406369629E-9
7714.84375,6.27062379057159E-9
7718.75,6.47563847698784E-9
7722.65625,6.37565173109042E-9
7726.5625,6.2157018972298E-9
7730.46875,6.08170914887228E-9
7734.375,5.97651555763864E-9
7738.28125,5.87189001642891E-9
7742.1875,5.73712924990723E-9
7746.09375,5.70183866192293E-9
7750,5.79712255773878E-9
7753.90625,5.76656842285553E-9
7757.8125,5.49931248445913E-9
7761.71875,5.39909223357416E-9
7765.625,5.57572372785361E-9
7769.53125,5.76933583575546E-9
7773.4375,5.98852800783575E-9
7777.34375,6.18069176943308E-9
7781.25,6.16461340539927E-9
7785.15625,5.91314587918291E-9
7789.0625,5.68710623866186E-9
7792.96875,5.66579822660016E-9
7796.875,5.64386087828669E-9
7800.78125,5.53449753259116E-9
7804.6875,5.48588228906145E-9
7808.59375,5.43503462922398E-9
7812.5,5.43667781252204E-9
7816.40625,5.58763545672146E-9
7820.3125,5.78069641590785E-9
7824.21875,6.00501654361618E-9
7828.125,6.07922064355247E-9
7832.03125,5.86672067417941E-9
7835.9375,5.42889084398075E-9
7839.84375,5.24565969332127E-9
7843.75,5.5424269141697E-9
7847.65625,5.77691274337611E-9
7851.5625,5.75148573949442E-9
7855.46875,5.6286181992675E-9
7859.375,5.55489133512271E-9
7863.28125,5.5882117466449E-9
7867.1875,5.69473353786603E-9
7871.09375,5.92374485524335E-9
7875,6.10472621585208E-9
7878.90625,6.08355408055203E-9
7882.8125,6.05743533549676E-9
7886.71875,5.95288551453489E-9
7890.625,5.54285522113618E-9
7894.53125,5.2309029283214E-9
7898.4375,5.43980458727187E-9
7902.34375,5.7703279036932E-9
7906.25,5.92521796383405E-9
7910.15625,6.08431564863333E-9
7914.0625,6.2344370516016E-9
7917.96875,6.1110157315697E-9
7921.875,5.78496959767059E-9
7925.78125,5.62708346176477E-9
7929.6875,5.68390587023334E-9
7933.59375,5.65557048632349E-9
7937.5,5.46495536830646E-9
7941.40625,5.35005495230345E-9
7945.3125,5.50032298203709E-9
7949.21875,5.82637449260642E-9
7953.125,6.08648633529282E-9
7957.03125,6.15705062741631E-9
7960.9375,6.0761106528719E-9
7964.84375,5.95029024697144E-9
7968.75,5.87036423137347E-9
7972.65625,5.78224242749397E-9
7976.5625,5.67163960174848E-9
7980.46875,5.61302224323609E-9
7984.375,5.80350932325973E-9
7988.28125,6.11705854100451E-9
7992.1875,6.20095657791829E-9
7996.09375,6.14043893904626E-9
8000,6.05547800579729E-9
8003.90625,5.80373385142259E-9
8007.8125,5.5339752755494E-9
8011.71875,5.58992167662089E-9
8015.625,5.85844143857545E-9
8019.53125,6.05448320780583E-9
8023.4375,5.98663108110712E-9
8027.34375,5.6465171771727E-9
8031.25,5.53045234143885E-9
8035.15625,5.76321497254317E-9
8039.0625,5.93247141400905E-9
8042.96875,5.88983091984504E-9
8046.875,5.82645105270458E-9
8050.78125,5.87941972477891E-9
8054.6875,6.02678779196163E-9
8058.59375,6.07677737504411E-9
8062.5,5.99255510334122E-9
8066.40625,6.02675610751446E-9
8070.3125,6.16023556456334E-9
8074.21875,6.10905506388545E-9
8078.125,5.82949848127619E-9
8082.03125,5.50869009050769E-9
8085.9375,5.28056940008818E-9
8089.84375,5.33516173426258E-9
8093.75,5.73477784851876E-9
8097.65625,6.06064842399593E-9
8101.5625,6.11067149765974E-9
8105.46875,6.04518632065449E-9
8109.375,6.03272530519595E-9
8113.28125,6.16743083226733E-9
8117.1875,6.20309654488538E-9
8121.09375,6.12989515203605E-9
8125,6.14489179193804E-9
8128.90625,6.15480926988409E-9
8132.8125,6.0910493569545E-9
8136.71875,5.87606880388486E-9
8140.625,5.58097099887144E-9
8144.53125,5.4012961986286E-9
8148.4375,5.46553928312751E-9
8152.34375,5.7420164631526E-9
8156.25,5.99830951914686E-9
8160.15625,5.92092112519861E-9
8164.0625,5.66862750168999E-9
8167.96875,5.57699156540117E-9
8171.875,5.52079432549206E-9
8175.78125,5.47846447122662E-9
8179.6875,5.65479440025983E-9
8183.59375,5.88286741464307E-9
8187.5,5.84235845270129E-9
8191.40625,5.63897447271427E-9
8195.3125,5.64666137605335E-9
8199.21875,5.85425346093706E-9
8203.125,5.97869523268052E-9
8207.03125,5.93361153543445E-9
8210.9375,5.83002335047089E-9
8214.84375,5.68208200166688E-9
8218.75,5.61106833948851E-9
8222.65625,5.73698093423177E-9
8226.5625,5.95732572328793E-9
8230.46875,6.05417209489435E-9
8234.375,5.94099024949258E-9
8238.28125,5.89477060581031E-9
8242.1875,5.89888786503454E-9
8246.09375,5.79304161691117E-9
8250,5.61541102657613E-9
8253.90625,5.44784403555555E-9
8257.8125,5.49394773830402E-9
8261.71875,5.757544780501E-9
8265.625,5.9732185953645E-9
8269.53125,5.96468099196346E-9
8273.4375,5.88015551242003E-9
8277.34375,5.8453892252408E-9
8281.25,5.83674970408341E-9
8285.15625,5.7923124336342E-9
8289.0625,5.80135888790731E-9
8292.96875,6.0389843233436E-9
8296.875,6.27491049687705E-9
8300.78125,6.3248432186066E-9
8304.6875,6.24374550186641E-9
8308.59375,6.03395256405437E-9
8312.5,5.75018172295476E-9
8316.40625,5.68630221847059E-9
8320.3125,5.95827905528646E-9
8324.21875,6.02449847871002E-9
8328.125,5.69765435164956E-9
8332.03125,5.62356751435156E-9
8335.9375,5.93609571613004E-9
8339.84375,6.21567879470941E-9
8343.75,6.22284506024276E-9
8347.65625,5.823621855832E-9
8351.5625,5.30534978947649E-9
8355.46875,5.25119053450443E-9
8359.375,5.58019932070054E-9
8363.28125,5.78225458045089E-9
8367.1875,5.73359339345172E-9
8371.09375,5.59719806234501E-9
8375,5.51209834031177E-9
8378.90625,5.57749308707796E-9
8382.8125,5.68524255414073E-9
8386.71875,5.6114944018544E-9
8390.625,5.45929971018899E-9
8394.53125,5.49299502688345E-9
8398.4375,5.5094049608389E-9
8402.34375,5.35153554314592E-9
8406.25,5.27773413175752E-9
8410.15625,5.37962540990041E-9
8414.0625,5.50903949566492E-9
8417.96875,5.65523364617784E-9
8421.875,5.81945292121791E-9
8425.78125,5.87169437174914E-9
8429.6875,5.91081074237591E-9
8433.59375,6.02762445456852E-9
8437.5,6.09229044322581E-9
8441.40625,6.19431571317162E-9
8445.3125,6.16520985000334E-9
8449.21875,5.97214563558263E-9
8453.125,5.7082225809097E-9
8457.03125,5.39970477208458E-9
8460.9375,5.42709020754439E-9
8464.84375,5.74262567577085E-9
8468.75,5.81564061490807E-9
8472.65625,5.62612261271385E-9
8476.5625,5.6287050484463E-9
8480.46875,5.78053415452108E-9
8484.375,5.87299637890397E-9
8488.28125,5.81558282551187E-9
8492.1875,5.80922011556704E-9
8496.09375,6.18210389858796E-9
8500,6.39210264791491E-9
8503.90625,6.10409608197585E-9
8507.8125,5.6815407766769E-9
8511.71875,5.56340373535523E-9
8515.625,5.71365510810657E-9
8519.53125,5.76724867956492E-9
8523.4375,5.86142480136692E-9
8527.34375,5.89833312357284E-9
8531.25,5.83275410893674E-9
8535.15625,5.93884560945944E-9
8539.0625,6.00645446010237E-9
8542.96875,5.84883425166403E-9
8546.875,5.79166387127011E-9
8550.78125,5.83077454133884E-9
8554.6875,5.79630823346531E-9
8558.59375,5.84598505221133E-9
8562.5,5.90471804139866E-9
8566.40625,5.81238801724758E-9
8570.3125,5.70782541772025E-9
8574.21875,5.74799937722566E-9
8578.125,5.92546495021467E-9
8582.03125,6.04214325778218E-9
8585.9375,5.98475958918821E-9
8589.84375,5.93070415326421E-9
8593.75,5.94945631776682E-9
8597.65625,5.94676296535822E-9
8601.5625,5.89240848360074E-9
8605.46875,5.69279640887723E-9
8609.375,5.59393123667249E-9
8613.28125,5.68036915582473E-9
8617.1875,5.76346439542083E-9
8621.09375,5.97488993133295E-9
8625,6.30156931565627E-9
8628.90625,6.44450998745216E-9
8632.8125,6.2151400392457E-9
8636.71875,5.85353451268993E-9
8640.625,5.93248197169393E-9
8644.53125,6.22815026920031E-9
8648.4375,6.22501554021942E-9
8652.34375,6.0378491717434E-9
8656.25,5.87925213315139E-9
8660.15625,5.84074962769764E-9
8664.0625,5.93158604665202E-9
8667.96875,6.01044082415795E-9
8671.875,6.17934112218194E-9
8675.78125,6.33847642064363E-9
8679.6875,6.26111277920016E-9
8683.59375,6.05577366367678E-9
8687.5,5.85126696387973E-9
8691.40625,5.79668062312932E-9
8695.3125,5.88364327537941E-9
8699.21875,5.91919067693023E-9
8703.125,5.86848351475442E-9
8707.03125,5.90426992990607E-9
8710.9375,6.04228408285848E-9
8714.84375,6.18048538472294E-9
8718.75,6.25743210680579E-9
8722.65625,6.16988301699854E-9
8726.5625,6.20597847126857E-9
8730.46875,6.47514730286269E-9
8734.375,6.4348526455804E-9
8738.28125,6.21801417259594E-9
8742.1875,6.33715892021403E-9
8746.09375,6.45855927023987E-9
8750,6.16965349106537E-9
8753.90625,5.7841543547613E-9
8757.8125,5.93262102237559E-9
8761.71875,6.25182945435434E-9
8765.625,6.10346488188129E-9
8769.53125,5.65597807119002E-9
8773.4375,5.53385105282412E-9
8777.34375,5.67949505587417E-9
8781.25,5.64177739602343E-9
8785.15625,5.47825589159555E-9
8789.0625,5.49869409502628E-9
8792.96875,5.766268533432E-9
8796.875,5.93658517093059E-9
8800.78125,6.02505504185493E-9
8804.6875,6.09238622882676E-9
8808.59375,5.95433986857688E-9
8812.5,5.59227498150547E-9
8816.40625,5.33547239787194E-9
8820.3125,5.59794665742826E-9
8824.21875,5.96883755771878E-9
8828.125,6.07175756243887E-9
8832.03125,5.96520805170025E-9
8835.9375,5.89908726915281E-9
8839.84375,5.81531330919804E-9
8843.75,5.62980438893117E-9
8847.65625,5.46174733593832E-9
8851.5625,5.44277800462038E-9
8855.46875,5.49175258310851E-9
8859.375,5.45766445748364E-9
8863.28125,5.43415733072837E-9
8867.1875,5.52136071457895E-9
8871.09375,5.57992993362928E-9
8875,5.46873699022646E-9
8878.90625,5.31619071738418E-9
8882.8125,5.2912771928268E-9
8886.71875,5.36262295638087E-9
8890.625,5.52479737022588E-9
8894.53125,5.66498875523962E-9
8898.4375,5.78759122316273E-9
8902.34375,5.79429275012176E-9
8906.25,5.65605288642751E-9
8910.15625,5.67407586142651E-9
8914.0625,5.9101904336992E-9
8917.96875,6.0533905834283E-9
8921.875,5.96266605733428E-9
8925.78125,5.91356929364802E-9
8929.6875,6.16573958913912E-9
8933.59375,6.29491106976317E-9
8937.5,6.01937593701858E-9
8941.40625,5.64491342657095E-9
8945.3125,5.50953223019674E-9
8949.21875,5.67192752645618E-9
8953.125,5.75925881143442E-9
8957.03125,5.56551792972888E-9
8960.9375,5.49582542531813E-9
8964.84375,5.75812661603742E-9
8968.75,6.11931023074387E-9
8972.65625,6.31941467558261E-9
8976.5625,6.36601063409848E-9
8980.46875,6.34314861568585E-9
8984.375,6.19795351677236E-9
8988.28125,6.00940730324512E-9
8992.1875,5.87933761846993E-9
8996.09375,5.95251956076645E-9
9000,6.02298878000781E-9
9003.90625,5.87783871696826E-9
9007.8125,5.63554509769858E-9
9011.71875,5.60212308869437E-9
9015.625,5.63994017464313E-9
9019.53125,5.65279467072177E-9
9023.4375,5.91455938132156E-9
9027.34375,6.23700299363528E-9
9031.25,6.27322582635327E-9
9035.15625,6.01185025412571E-9
9039.0625,5.86077215761426E-9
9042.96875,5.89494941773331E-9
9046.875,5.85586144554007E-9
9050.78125,5.96111379115615E-9
9054.6875,6.15306192393505E-9
9058.59375,6.05479581854601E-9
9062.5,5.75564206227711E-9
9066.40625,5.567867830705E-9
9070.3125,5.81198036174557E-9
9074.21875,6.28132704537933E-9
9078.125,6.30376067260235E-9
9082.03125,5.9274628926499E-9
9085.9375,5.91502918231833E-9
9089.84375,6.13193535512211E-9
9093.75,6.19085985554122E-9
9097.65625,6.04460027292377E-9
9101.5625,5.72488736018851E-9
9105.46875,5.74496907870532E-9
9109.375,6.12555659140787E-9
9113.28125,6.23298408478632E-9
9117.1875,6.14192325041113E-9
9121.09375,6.03513831424668E-9
9125,5.88601696082178E-9
9128.90625,5.71409009671034E-9
9132.8125,5.76916822376726E-9
9136.71875,6.22291477870486E-9
9140.625,6.58817811565136E-9
9144.53125,6.65553436153123E-9
9148.4375,6.52440058329487E-9
9152.34375,6.2378117055478E-9
9156.25,5.98141634708461E-9
9160.15625,5.82255018913658E-9
9164.0625,5.66058883832083E-9
9167.96875,5.55925235000688E-9
9171.875,5.45732407973154E-9
9175.78125,5.51793548418316E-9
9179.6875,5.71857787684566E-9
9183.59375,5.79429459564032E-9
9187.5,5.9021709596753E-9
9191.40625,6.01356318408984E-9
9195.3125,5.84483254253653E-9
9199.21875,5.49750351342929E-9
9203.125,5.3900332625571E-9
9207.03125,5.64427174460754E-9
9210.9375,5.88474664940318E-9
9214.84375,5.91999119469884E-9
9218.75,5.94580264836118E-9
9222.65625,5.96797345574984E-9
9226.5625,5.98762873282594E-9
9230.46875,6.01977665338983E-9
9234.375,6.06124753804564E-9
9238.28125,6.12634734929757E-9
9242.1875,6.17962764029098E-9
9246.09375,6.21273055250013E-9
9250,6.28064774181536E-9
9253.90625,6.21062440569575E-9
9257.8125,5.85443064006516E-9
9261.71875,5.45800201511071E-9
9265.625,5.34154517338981E-9
9269.53125,5.38755107154997E-9
9273.4375,5.50016550328561E-9
9277.34375,5.71225447113458E-9
9281.25,5.92489671144648E-9
9285.15625,5.91546821494084E-9
9289.0625,5.77740219874018E-9
9292.96875,5.76675783260912E-9
9296.875,5.92222262781227E-9
9300.78125,6.02689501089526E-9
9304.6875,5.98998288912764E-9
9308.59375,5.92807701312959E-9
9312.5,5.72524251566634E-9
9316.40625,5.52207145482956E-9
9320.3125,5.52745229572887E-9
9324.21875,5.692570188652E-9
9328.125,5.77256161644122E-9
9332.03125,5.69567557074134E-9
9335.9375,5.53530428420795E-9
9339.84375,5.54278383894014E-9
9343.75,5.74108256636586E-9
9347.65625,5.85893138366175E-9
9351.5625,5.78614089558934E-9
9355.46875,5.67686306821423E-9
9359.375,5.73830498860068E-9
9363.28125,5.98360674680598E-9
9367.1875,6.19904579694271E-9
9371.09375,6.28828853039816E-9
9375,6.2284286555602E-9
9378.90625,5.96570561687082E-9
9382.8125,5.72647458228966E-9
9386.71875,5.6070571391165E-9
9390.625,5.64049134972442E-9
9394.53125,5.74389071613836E-9
9398.4375,5.86465958013321E-9
9402.34375,5.95829315668592E-9
9406.25,5.87682606648454E-9
9410.15625,5.78686003317895E-9
9414.0625,6.02432604780486E-9
9417.96875,6.31921620597926E-9
9421.875,6.22337676652305E-9
9425.78125,5.83182793202774E-9
9429.6875,5.59206627603938E-9
9433.59375,5.6713279586284E-9
9437.5,5.82484150574659E-9
9441.40625,5.80942759368242E-9
9445.3125,5.7265324706276E-9
9449.21875,5.66330985248242E-9
9453.125,5.66547763368774E-9
9457.03125,5.82943847075434E-9
9460.9375,5.91333601902014E-9
9464.84375,5.96893762779632E-9
9468.75,6.03969586630098E-9
9472.65625,5.889736768149E-9
9476.5625,5.66465544160887E-9
9480.46875,5.75723566474752E-9
9484.375,6.02537678543266E-9
9488.28125,6.13121358754833E-9
9492.1875,6.02437498825454E-9
9496.09375,5.88691774500767E-9
9500,5.9329946405639E-9
9503.90625,5.97338508507835E-9
9507.8125,5.85702404364708E-9
9511.71875,5.86404272581462E-9
9515.625,5.96725771258911E-9
9519.53125,5.99754441662383E-9
9523.4375,5.91017699295729E-9
9527.34375,5.77178723354042E-9
9531.25,5.72185630180773E-9
9535.15625,5.77209424670966E-9
9539.0625,5.77585594952838E-9
9542.96875,5.8186986934974E-9
9546.875,5.94740180625337E-9
9550.78125,6.09881922324445E-9
9554.6875,6.08473393066749E-9
9558.59375,5.85519226658963E-9
9562.5,5.74066292851697E-9
9566.40625,5.82760405197528E-9
9570.3125,5.8792186142526E-9
9574.21875,5.94400645466152E-9
9578.125,5.9534102827465E-9
9582.03125,5.69329953551085E-9
9585.9375,5.46815034379761E-9
9589.84375,5.52533625409561E-9
9593.75,5.70479305969593E-9
9597.65625,5.7259010026163E-9
9601.5625,5.48483487309545E-9
9605.46875,5.36883147821088E-9
9609.375,5.6204266402582E-9
9613.28125,5.8593467227927E-9
9617.1875,5.96971535313032E-9
9621.09375,5.9462984975299E-9
9625,5.68599648366784E-9
9628.90625,5.40307659226627E-9
9632.8125,5.33698193688282E-9
9636.71875,5.56365634985154E-9
9640.625,5.781947049947E-9
9644.53125,5.7072558524622E-9
9648.4375,5.59302751311072E-9
9652.34375,5.62701966364983E-9
9656.25,5.8468149275292E-9
9660.15625,6.2088012398501E-9
9664.0625,6.5412765880489E-9
9667.96875,6.77877746202927E-9
9671.875,6.77405618308897E-9
9675.78125,6.50400016456353E-9
9679.6875,6.1113866925213E-9
9683.59375,5.83255217509543E-9
9687.5,5.81225818036483E-9
9691.40625,5.88277600797971E-9
9695.3125,5.88041296438706E-9
9699.21875,5.90066698486298E-9
9703.125,5.88919750671073E-9
9707.03125,5.78902218765495E-9
9710.9375,5.72292893976097E-9
9714.84375,5.88290974167937E-9
9718.75,6.08600015069715E-9
9722.65625,6.0805784560931E-9
9726.5625,5.98036631530271E-9
9730.46875,5.84371222122595E-9
9734.375,5.85614292136064E-9
9738.28125,6.2522817313169E-9
9742.1875,6.70516905489726E-9
9746.09375,6.67469404768049E-9
9750,6.13982092989061E-9
9753.90625,5.76007439535342E-9
9757.8125,5.9500561013117E-9
9761.71875,6.3005120242967E-9
9765.625,6.32925129605654E-9
9769.53125,6.11390858010671E-9
9773.4375,6.04612782042998E-9
9777.34375,6.15216782769333E-9
9781.25,6.15222419360979E-9
9785.15625,5.94560994970321E-9
9789.0625,5.88433284348684E-9
9792.96875,5.98355364331183E-9
9796.875,5.92490264162427E-9
9800.78125,5.86217770142688E-9
9804.6875,5.98454619224693E-9
9808.59375,6.0025084593038E-9
9812.5,5.85677860519946E-9
9816.40625,5.83945403411736E-9
9820.3125,5.93933689530096E-9
9824.21875,6.08040661057042E-9
9828.125,6.27865683513958E-9
9832.03125,6.29949893345896E-9
9835.9375,6.18239127703933E-9
9839.84375,6.13347876070934E-9
9843.75,6.17777331893604E-9
9847.65625,6.29964710028418E-9
9851.5625,6.25782709993684E-9
9855.46875,6.08962138113005E-9
9859.375,5.92407854784577E-9
9863.28125,5.77498598587699E-9
9867.1875,5.71154225538282E-9
9871.09375,5.71429407811667E-9
9875,5.70161172873839E-9
9878.90625,5.71174499050023E-9
9882.8125,5.74791247013679E-9
9886.71875,5.80986251108428E-9
9890.625,5.86775511522984E-9
9894.53125,5.99085733127809E-9
9898.4375,6.23052731276209E-9
9902.34375,6.21003232294919E-9
9906.25,5.81606823859368E-9
9910.15625,5.35160262539351E-9
9914.0625,5.09362991184843E-9
9917.96875,5.03523208373622E-9
9921.875,5.03302231223128E-9
9925.78125,5.15593076416735E-9
9929.6875,5.34838201405736E-9
9933.59375,5.46045106183998E-9
9937.5,5.68742319500186E-9
9941.40625,5.94903083533063E-9
9945.3125,6.0880706209788E-9
9949.21875,6.15026300170852E-9
9953.125,6.13917921929186E-9
9957.03125,6.09568514876065E-9
9960.9375,6.00069283490797E-9
9964.84375,5.82779907977048E-9
9968.75,5.63467597326808E-9
9972.65625,5.57555687124072E-9
9976.5625,5.85006091839181E-9
9980.46875,6.31009268719821E-9
9984.375,6.72794959434031E-9
9988.28125,6.88017487365437E-9
9992.1875,6.64434067893516E-9
9996.09375,6.155027932467E-9
10000,5.81344316289607E-9
10003.90625,5.85327039772685E-9
10007.8125,6.05212309395693E-9
10011.71875,6.11860120515549E-9
10015.625,5.98436086767703E-9
10019.53125,5.87207576877569E-9
10023.4375,5.83767928710726E-9
10027.34375,5.77482144776256E-9
10031.25,5.51013165984007E-9
10035.15625,5.34915572021415E-9
10039.0625,5.61618956285195E-9
10042.96875,5.86647824542939E-9
10046.875,5.91641125014807E-9
10050.78125,5.75776234558646E-9
10054.6875,5.66115581287944E-9
10058.59375,5.86486145037308E-9
10062.5,6.04572834527656E-9
10066.40625,6.00052328410637E-9
10070.3125,5.79695469507238E-9
10074.21875,5.71678511153491E-9
10078.125,6.13132371429324E-9
10082.03125,6.38952750528767E-9
10085.9375,6.21330541340659E-9
10089.84375,6.0356392262317E-9
10093.75,5.84258854749922E-9
10097.65625,5.69130930911276E-9
10101.5625,5.68026911181657E-9
10105.46875,5.73307621656094E-9
10109.375,5.82947070355684E-9
10113.28125,5.90399644099583E-9
10117.1875,5.87202685976409E-9
10121.09375,5.79406442857695E-9
10125,5.79191523407078E-9
10128.90625,5.8681570738248E-9
10132.8125,5.93981862462548E-9
10136.71875,5.84500582551208E-9
10140.625,5.75746252814421E-9
10144.53125,5.87298805529954E-9
10148.4375,5.9310766043761E-9
10152.34375,5.88794682151555E-9
10156.25,5.80613099701926E-9
10160.15625,5.76198439902728E-9
10164.0625,5.83924212895651E-9
10167.96875,5.82736287954679E-9
10171.875,5.74455052255059E-9
10175.78125,5.74431197976524E-9
10179.6875,5.77354334015912E-9
10183.59375,5.74981508937329E-9
10187.5,5.85012776786276E-9
10191.40625,6.06392279094924E-9
10195.3125,6.11165340053066E-9
10199.21875,5.99977730550363E-9
10203.125,5.88984570385894E-9
10207.03125,5.69128971469795E-9
10210.9375,5.6697716415694E-9
10214.84375,6.08475401551584E-9
10218.75,6.37931687723032E-9
10222.65625,6.15612956596305E-9
10226.5625,5.77527113890216E-9
10230.46875,5.65465500143436E-9
10234.375,5.68934147832005E-9
10238.28125,5.78996075259235E-9
10242.1875,6.0202793510263E-9
10246.09375,6.26275680184341E-9
10250,6.23882918167414E-9
10253.90625,5.89717426556112E-9
10257.8125,5.50002301862517E-9
10261.71875,5.4107234070867E-9
10265.625,5.70185098625289E-9
10269.53125,5.99365881783784E-9
10273.4375,6.2011248364135E-9
10277.34375,6.1937393364126E-9
10281.25,5.9308424729011E-9
10285.15625,5.83836878924951E-9
10289.0625,5.93752742506561E-9
10292.96875,5.89884073216713E-9
10296.875,5.66479998779236E-9
10300.78125,5.58653766227625E-9
10304.6875,5.85376077561631E-9
10308.59375,6.08887929345278E-9
10312.5,6.10322885334168E-9
10316.40625,5.94069993641965E-9
10320.3125,5.73720274063456E-9
10324.21875,5.71176184019269E-9
10328.125,5.77229406116344E-9
10332.03125,5.87964317285141E-9
10335.9375,6.05978001936818E-9
10339.84375,6.16615432973594E-9
10343.75,6.11390208366543E-9
10347.65625,5.93780117048903E-9
10351.5625,5.84426639673302E-9
10355.46875,5.86956579424927E-9
10359.375,5.9125736143845E-9
10363.28125,5.95301921293033E-9
10367.1875,5.82095452253522E-9
10371.09375,5.63432486970899E-9
10375,5.56422276870883E-9
10378.90625,5.70655639781475E-9
10382.8125,5.85884351467369E-9
10386.71875,5.7937134918939E-9
10390.625,5.83352275552085E-9
10394.53125,5.83006868143957E-9
10398.4375,5.56606988746998E-9
10402.34375,5.40979190196621E-9
10406.25,5.62832534481489E-9
10410.15625,6.01672530932348E-9
10414.0625,6.14284569590895E-9
10417.96875,5.87100930382732E-9
10421.875,5.72869152779645E-9
10425.78125,6.03168800462796E-9
10429.6875,6.25204961054455E-9
10433.59375,6.19853985264343E-9
10437.5,6.07280361506202E-9
10441.40625,5.97892212468331E-9
10445.3125,6.0400418689843E-9
10449.21875,6.18067817544263E-9
10453.125,6.10431530987676E-9
10457.03125,5.90884698377215E-9
10460.9375,5.98517104602083E-9
10464.84375,6.17920020676297E-9
10468.75,6.27838627221983E-9
10472.65625,6.22324421242165E-9
10476.5625,5.94476636993053E-9
10480.46875,5.71750388823425E-9
10484.375,5.59194716838183E-9
10488.28125,5.5217093179589E-9
10492.1875,5.79858304768792E-9
10496.09375,6.1406628400568E-9
10500,6.17519439257084E-9
10503.90625,6.06329169187017E-9
10507.8125,6.06020226357641E-9
10511.71875,5.99649058534724E-9
10515.625,5.76103703362263E-9
10519.53125,5.62742361567458E-9
10523.4375,5.77444553200403E-9
10527.34375,6.05307461925194E-9
10531.25,6.23111229964325E-9
10535.15625,6.25280458233074E-9
10539.0625,6.1075620142543E-9
10542.96875,5.8133892933493E-9
10546.875,5.59805390328271E-9
10550.78125,5.63219446269457E-9
10554.6875,5.76235847663967E-9
10558.59375,5.92980538341005E-9
10562.5,6.19258420175889E-9
10566.40625,6.34223410686796E-9
10570.3125,6.22193103787526E-9
10574.21875,5.9494925221698E-9
10578.125,5.74925659242388E-9
10582.03125,5.82979852461943E-9
10585.9375,5.93368902896162E-9
10589.84375,5.78361053151452E-9
10593.75,5.4177272890559E-9
10597.65625,5.12125365765867E-9
10601.5625,5.20987809454519E-9
10605.46875,5.62198602003053E-9
10609.375,6.01739810359929E-9
10613.28125,6.08896660257958E-9
10617.1875,5.97565409980121E-9
10621.09375,6.01155141955293E-9
10625,6.21818590029472E-9
10628.90625,6.43844992479685E-9
10632.8125,6.52907216109868E-9
10636.71875,6.46970650820357E-9
10640.625,6.27006661047651E-9
10644.53125,5.99885094085852E-9
10648.4375,5.91032509790688E-9
10652.34375,6.04143023304799E-9
10656.25,6.23340194852637E-9
10660.15625,6.40658853850322E-9
10664.0625,6.34624088014769E-9
10667.96875,6.03907614820895E-9
10671.875,5.8478400894321E-9
10675.78125,5.86329840261264E-9
10679.6875,5.96496501584877E-9
10683.59375,6.21888357207147E-9
10687.5,6.38002997179275E-9
10691.40625,6.23405258380405E-9
10695.3125,5.93847776151662E-9
10699.21875,5.77694288931327E-9
10703.125,5.8890787017382E-9
10707.03125,6.05050843978678E-9
10710.9375,5.88553212563758E-9
10714.84375,5.65597780109711E-9
10718.75,5.857417349702E-9
10722.65625,6.21885974443206E-9
10726.5625,6.41021287973943E-9
10730.46875,6.35030430373459E-9
10734.375,6.07234300177976E-9
10738.28125,5.83802077747369E-9
10742.1875,5.8439833032639E-9
10746.09375,5.98120768358942E-9
10750,6.0315134997729E-9
10753.90625,5.96580932440507E-9
10757.8125,5.82705065128426E-9
10761.71875,5.70407455599954E-9
10765.625,5.56886067655638E-9
10769.53125,5.50046712530178E-9
10773.4375,5.61290630192681E-9
10777.34375,6.0037024554083E-9
10781.25,6.39611138019033E-9
10785.15625,6.28989071938555E-9
10789.0625,5.96141489781877E-9
10792.96875,5.91760841975841E-9
10796.875,5.85638030009076E-9
10800.78125,5.79689171237836E-9
10804.6875,6.03522235089279E-9
10808.59375,6.17417162562377E-9
10812.5,6.06468833555944E-9
10816.40625,6.03678466254801E-9
10820.3125,6.04150684931524E-9
10824.21875,5.88489487518428E-9
10828.125,5.77546370181194E-9
10832.03125,5.67228330471324E-9
10835.9375,5.33704061506077E-9
10839.84375,5.27525788604143E-9
10843.75,5.54566457939421E-9
10847.65625,5.75742591220095E-9
10851.5625,5.97015445831695E-9
10855.46875,6.05837795755778E-9
10859.375,5.87340630182529E-9
10863.28125,5.80179967625089E-9
10867.1875,6.01068608770565E-9
10871.09375,6.31927084013374E-9
10875,6.46003882903325E-9
10878.90625,6.24806458544686E-9
10882.8125,5.97094302652736E-9
10886.71875,5.96202090895089E-9
10890.625,6.1016242180161E-9
10894.53125,6.14904032406302E-9
10898.4375,6.16207706605772E-9
10902.34375,5.99405488198175E-9
10906.25,5.81040361436982E-9
10910.15625,5.88950903413224E-9
10914.0625,6.04816950703641E-9
10917.96875,6.14062278725339E-9
10921.875,6.09322767320553E-9
10925.78125,5.88237790501058E-9
10929.6875,5.73899764577004E-9
10933.59375,5.7505496614164E-9
10937.5,5.87517987716906E-9
10941.40625,6.04654571242468E-9
10945.3125,6.06050323641372E-9
10949.21875,5.9786770911689E-9
10953.125,6.01100783797115E-9
10957.03125,6.14047824670338E-9
10960.9375,6.31529533467958E-9
10964.84375,6.19929074490928E-9
10968.75,5.71182950591735E-9
10972.65625,5.30330874326909E-9
10976.5625,5.15220270812799E-9
10980.46875,5.34778873496438E-9
10984.375,5.64066224368772E-9
10988.28125,5.68059129025297E-9
10992.1875,5.60409210540042E-9
10996.09375,5.76375223880037E-9
11000,5.99650281360311E-9
11003.90625,5.96930052771202E-9
11007.8125,5.96799802909808E-9
11011.71875,5.9348224814101E-9
11015.625,5.80648065701911E-9
11019.53125,5.84454581718994E-9
11023.4375,5.84730819809661E-9
11027.34375,5.71424007588424E-9
11031.25,5.6154257169389E-9
11035.15625,5.6300494113786E-9
11039.0625,5.83135483356203E-9
11042.96875,6.10913733356642E-9
11046.875,6.23965112243525E-9
11050.78125,6.26241115136133E-9
11054.6875,6.05530620478409E-9
11058.59375,5.6244117377374E-9
11062.5,5.41084029273655E-9
11066.40625,5.50182477506785E-9
11070.3125,5.5040844676113E-9
11074.21875,5.43253081961818E-9
11078.125,5.49549936432602E-9
11082.03125,5.58154633472655E-9
11085.9375,5.48328412969255E-9
11089.84375,5.45013507866692E-9
11093.75,5.64609943955403E-9
11097.65625,5.69645440053301E-9
11101.5625,5.54446259297293E-9
11105.46875,5.58084097898513E-9
11109.375,5.85531384630614E-9
11113.28125,6.0475597510353E-9
11117.1875,6.08792583644404E-9
11121.09375,6.13585662864047E-9
11125,6.08800036201588E-9
11128.90625,5.82669855518003E-9
11132.8125,5.72677682232467E-9
11136.71875,5.75283221345201E-9
11140.625,5.80143814801811E-9
11144.53125,5.94498453529754E-9
11148.4375,6.02881753073008E-9
11152.34375,5.99144124169098E-9
11156.25,6.00013044754926E-9
11160.15625,6.22174296289733E-9
11164.0625,6.42200236363064E-9
11167.96875,6.28169621714819E-9
11171.875,5.8730744121217E-9
11175.78125,5.41939037802172E-9
11179.6875,5.27400788585719E-9
11183.59375,5.35509259698402E-9
11187.5,5.55169372191409E-9
11191.40625,5.84865951494769E-9
11195.3125,6.11520023534191E-9
11199.21875,6.08765532855485E-9
11203.125,5.68768775943783E-9
11207.03125,5.44355485136761E-9
11210.9375,5.6128728254694E-9
11214.84375,5.89243181655247E-9
11218.75,5.92319476295671E-9
11222.65625,5.79867920631657E-9
11226.5625,5.88591132829311E-9
11230.46875,5.93919774464068E-9
11234.375,5.74644893809969E-9
11238.28125,5.5727222857196E-9
11242.1875,5.60834104626655E-9
11246.09375,5.83399358337145E-9
11250,5.92145465977681E-9
11253.90625,5.86035874422159E-9
11257.8125,5.84492323577535E-9
11261.71875,5.7590389155479E-9
11265.625,5.70769186405091E-9
11269.53125,5.74962910688035E-9
11273.4375,5.73239483606084E-9
11277.34375,5.71454349764747E-9
11281.25,5.92153540816223E-9
11285.15625,6.31982150669809E-9
11289.0625,6.31606064465642E-9
11292.96875,5.93593435704314E-9
11296.875,5.69851869614929E-9
11300.78125,5.48495296455853E-9
11304.6875,5.48001797233122E-9
11308.59375,5.77271113500795E-9
11312.5,5.82154366596828E-9
11316.40625,5.72382603179624E-9
11320.3125,5.69143438967779E-9
11324.21875,5.57642397800513E-9
11328.125,5.55421614947416E-9
11332.03125,5.67139206639092E-9
11335.9375,5.90447562040839E-9
11339.84375,6.05731226432759E-9
11343.75,6.04537003327838E-9
11347.65625,6.16097128898522E-9
11351.5625,6.28568981358814E-9
11355.46875,6.04573769445908E-9
11359.375,5.657807924654E-9
11363.28125,5.55768993647084E-9
11367.1875,5.6961808567472E-9
11371.09375,5.78402705346601E-9
11375,5.85392727031565E-9
11378.90625,5.99924029625653E-9
11382.8125,6.1373803800956E-9
11386.71875,6.27298961005013E-9
11390.625,6.14789816029804E-9
11394.53125,5.79613454885906E-9
11398.4375,5.74415932845958E-9
11402.34375,6.00085932607831E-9
11406.25,6.13640583018288E-9
11410.15625,6.11441303267949E-9
11414.0625,6.02227069710874E-9
11417.96875,5.85130612551079E-9
11421.875,5.54581250241746E-9
11425.78125,5.32658973171871E-9
11429.6875,5.27822704188187E-9
11433.59375,5.27175997844485E-9
11437.5,5.39473597156067E-9
11441.40625,5.63868242705356E-9
11445.3125,5.92947252836646E-9
11449.21875,6.11802443712374E-9
11453.125,6.06380715735034E-9
11457.03125,5.82454592802191E-9
11460.9375,5.64269686530833E-9
11464.84375,5.71285241773653E-9
11468.75,5.83840411259341E-9
11472.65625,5.88407997661429E-9
11476.5625,5.89175486415161E-9
11480.46875,5.79378652855247E-9
11484.375,5.58167606449396E-9
11488.28125,5.64972628694754E-9
11492.1875,5.93985823117131E-9
11496.09375,5.88238465714464E-9
11500,5.57447670320961E-9
11503.90625,5.62045001512494E-9
11507.8125,5.91152194954827E-9
11511.71875,6.01162231787473E-9
11515.625,5.7440170452798E-9
11519.53125,5.42048228668219E-9
11523.4375,5.48570601635122E-9
11527.34375,5.65998806937534E-9
11531.25,5.85967652228644E-9
11535.15625,6.08676191468393E-9
11539.0625,6.17142708119945E-9
11542.96875,6.16304681302012E-9
11546.875,6.08221376038241E-9
11550.78125,5.89787701553023E-9
11554.6875,5.78604664075644E-9
11558.59375,5.75926119867783E-9
11562.5,5.62486747877299E-9
11566.40625,5.43046584076291E-9
11570.3125,5.30659758865119E-9
11574.21875,5.41219982051284E-9
11578.125,5.73662810325591E-9
11582.03125,6.04199383297223E-9
11585.9375,6.18755859724529E-9
11589.84375,6.08962589659974E-9
11593.75,5.81483676538149E-9
11597.65625,5.60173012950869E-9
11601.5625,5.66446288741871E-9
11605.46875,5.93224145782087E-9
11609.375,6.08051288403247E-9
11613.28125,6.0642956250097E-9
11617.1875,6.0239385674117E-9
11621.09375,5.94056596076654E-9
11625,5.87316388893535E-9
11628.90625,5.88103823217306E-9
11632.8125,5.91283094662772E-9
11636.71875,5.9008588212217E-9
11640.625,5.88781372114206E-9
11644.53125,5.82984909809007E-9
11648.4375,5.77231338060484E-9
11652.34375,5.87521133899464E-9
11656.25,5.91044450966637E-9
11660.15625,5.70923329545969E-9
11664.0625,5.53270393122594E-9
11667.96875,5.4878267609287E-9
11671.875,5.4989135673409E-9
11675.78125,5.66455188386632E-9
11679.6875,5.79410845895152E-9
11683.59375,5.70431719166932E-9
11687.5,5.52480124130821E-9
11691.40625,5.47148193870267E-9
11695.3125,5.64882716276179E-9
11699.21875,5.99034298400251E-9
11703.125,6.135700273972E-9
11707.03125,5.96958740265192E-9
11710.9375,5.85111658078072E-9
11714.84375,5.89655226327389E-9
11718.75,5.93575060307625E-9
11722.65625,5.82162475053021E-9
11726.5625,5.65256117421878E-9
11730.46875,5.78298925850989E-9
11734.375,5.98689441607286E-9
11738.28125,5.85573022466253E-9
11742.1875,5.69552939419027E-9
11746.09375,5.78685475349295E-9
11750,5.95301972616215E-9
11753.90625,6.08575189794622E-9
11757.8125,6.16089987772473E-9
11761.71875,6.22349041714337E-9
11765.625,6.39800294253989E-9
11769.53125,6.4881663935491E-9
11773.4375,6.35195819007219E-9
11777.34375,6.10808849970712E-9
11781.25,5.89545861327741E-9
11785.15625,5.83218967190507E-9
11789.0625,5.92597564827252E-9
11792.96875,5.95715211736833E-9
11796.875,5.7840450131546E-9
11800.78125,5.73713138008649E-9
11804.6875,5.89981309501531E-9
11808.59375,5.98178691755216E-9
11812.5,5.89810779351375E-9
11816.40625,5.68529065170404E-9
11820.3125,5.52604593013965E-9
11824.21875,5.4912952529804E-9
11828.125,5.45796702876426E-9
11832.03125,5.54269206048012E-9
11835.9375,5.72622488210747E-9
11839.84375,5.93920854758131E-9
11843.75,6.08134818404238E-9
11847.65625,6.17704899348959E-9
11851.5625,6.0915953256299E-9
11855.46875,5.87519547809536E-9
11859.375,5.89782314013298E-9
11863.28125,6.00777557467671E-9
11867.1875,5.83692270357728E-9
11871.09375,5.5677855199801E-9
11875,5.66584082715243E-9
11878.90625,5.97645497846123E-9
11882.8125,6.17139316891568E-9
11886.71875,6.15604097601062E-9
11890.625,6.01550088459156E-9
11894.53125,5.88700778989622E-9
11898.4375,5.86847648631324E-9
11902.34375,5.87549604785457E-9
11906.25,5.78593020619592E-9
11910.15625,5.7937683353915E-9
11914.0625,5.7949180836228E-9
11917.96875,5.68785428099544E-9
11921.875,5.69046292996542E-9
11925.78125,5.79220641091768E-9
11929.6875,5.70916800715392E-9
11933.59375,5.45033688652314E-9
11937.5,5.31328360355522E-9
11941.40625,5.43481848007032E-9
11945.3125,5.74344308967936E-9
11949.21875,6.11569883620893E-9
11953.125,6.24882786168328E-9
11957.03125,6.13511067148353E-9
11960.9375,6.14149667511577E-9
11964.84375,6.13202005820725E-9
11968.75,5.86735469127323E-9
11972.65625,5.7156966207196E-9
11976.5625,5.92324737596139E-9
11980.46875,6.04432150755522E-9
11984.375,5.85797648738566E-9
11988.28125,5.65142355154699E-9
11992.1875,5.76100097073656E-9
11996.09375,6.14997759952142E-9
12000,6.3800610990212E-9
12003.90625,6.29161220472419E-9
12007.8125,5.96463847685477E-9
12011.71875,5.60583616029973E-9
12015.625,5.4584246324595E-9
12019.53125,5.51706333829527E-9
12023.4375,5.6225750910315E-9
12027.34375,5.71025774245538E-9
12031.25,5.78330888433509E-9
12035.15625,5.93822822931207E-9
12039.0625,6.13935489392478E-9
12042.96875,6.07256413070323E-9
12046.875,5.74674241864046E-9
12050.78125,5.65764537898235E-9
12054.6875,5.79853984164789E-9
12058.59375,5.76238869871747E-9
12062.5,5.70140461418247E-9
12066.40625,5.71624343086758E-9
12070.3125,5.62678211111626E-9
12074.21875,5.7541143904528E-9
12078.125,6.08248827758268E-9
12082.03125,6.21655515570397E-9
12085.9375,6.12787022450455E-9
12089.84375,6.01139106936828E-9
12093.75,5.88982625120137E-9
12097.65625,5.6652886128809E-9
12101.5625,5.41167733477639E-9
12105.46875,5.30248830190563E-9
12109.375,5.52309023507635E-9
12113.28125,5.8383748073158E-9
12117.1875,5.96816978373828E-9
12121.09375,5.92389210522359E-9
12125,5.73216857957153E-9
12128.90625,5.67498902092212E-9
12132.8125,5.90053572481343E-9
12136.71875,5.93411252222035E-9
12140.625,5.69496396406123E-9
12144.53125,5.58204471047627E-9
12148.4375,5.61721656511357E-9
12152.34375,5.6267299839614E-9
12156.25,5.61568904877482E-9
12160.15625,5.67096269217122E-9
12164.0625,5.77842354875272E-9
12167.96875,5.87762351734782E-9
12171.875,5.88867583646625E-9
12175.78125,5.75112450153615E-9
12179.6875,5.6743079341643E-9
12183.59375,5.65049171420253E-9
12187.5,5.52394400687269E-9
12191.40625,5.49823817580141E-9
12195.3125,5.50519121186965E-9
12199.21875,5.4209819433291E-9
12203.125,5.4046144524516E-9
12207.03125,5.45532813194916E-9
12210.9375,5.3811887085488E-9
12214.84375,5.30224370054566E-9
12218.75,5.51813758085794E-9
12222.65625,5.79909938764384E-9
12226.5625,5.82756918744787E-9
12230.46875,5.83093330874212E-9
12234.375,6.01124952056379E-9
12238.28125,6.11761841974402E-9
12242.1875,6.07233696401704E-9
12246.09375,6.03846370307965E-9
12250,6.0899785946102E-9
12253.90625,6.02893611588394E-9
12257.8125,5.79791463529034E-9
12261.71875,5.52839879279064E-9
12265.625,5.4020015263921E-9
12269.53125,5.53001451026247E-9
12273.4375,5.83900274535786E-9
12277.34375,6.08658898881933E-9
12281.25,6.14386721291027E-9
12285.15625,6.0307176530931E-9
12289.0625,5.83005636612457E-9
12292.96875,5.7787965622132E-9
12296.875,5.96215312137577E-9
12300.78125,6.05476831752226E-9
12304.6875,5.89111154469667E-9
12308.59375,5.80669612549486E-9
12312.5,5.90088652177305E-9
12316.40625,6.07728063646919E-9
12320.3125,6.13427497223848E-9
12324.21875,6.00673650876191E-9
12328.125,5.98938965447155E-9
12332.03125,6.01959139834492E-9
12335.9375,5.91861409255365E-9
12339.84375,5.76645583369023E-9
12343.75,5.76824401966668E-9
12347.65625,5.89866177922467E-9
12351.5625,6.13309917275748E-9
12355.46875,6.42079384041912E-9
12359.375,6.44747308111415E-9
12363.28125,6.306969862229E-9
12367.1875,6.18780720936712E-9
12371.09375,6.25347762756515E-9
12375,6.49151033611098E-9
12378.90625,6.60485809148908E-9
12382.8125,6.4365697742361E-9
12386.71875,5.99651631560666E-9
12390.625,5.76138890008327E-9
12394.53125,5.93757605181921E-9
12398.4375,6.00773412737325E-9
12402.34375,5.76469571300269E-9
12406.25,5.6036701146589E-9
12410.15625,5.7793818090822E-9
12414.0625,5.94396019357785E-9
12417.96875,5.77299481268876E-9
12421.875,5.43843173570822E-9
12425.78125,5.37001701943445E-9
12429.6875,5.5752872598553E-9
12433.59375,5.6880573232661E-9
12437.5,5.59214822937631E-9
12441.40625,5.36202840397482E-9
12445.3125,5.08056760145862E-9
12449.21875,5.0862476327196E-9
12453.125,5.53199897535414E-9
12457.03125,5.96663635948466E-9
12460.9375,6.03681958405887E-9
12464.84375,5.86879275783315E-9
12468.75,5.65088074186233E-9
12472.65625,5.61553480528233E-9
12476.5625,5.72173562412922E-9
12480.46875,5.84336871058991E-9
12484.375,5.96692745879702E-9
12488.28125,5.99661159303172E-9
12492.1875,6.14467873533887E-9
12496.09375,6.36944485118771E-9

// End of Data
