// SR1 Audio Analyzer: 10/23/2024 9:12:42 AM

// Series: A1:FFT1:Power Spectrum A
// Units: Hz,V/rtHz
0,4.07389540631968E-8
3.90625,4.235641446474E-8
7.8125,4.1894752048892E-8
11.71875,3.87452476078714E-8
15.625,3.7214468046704E-8
19.53125,3.75179769257119E-8
23.4375,3.91094953381482E-8
27.34375,3.915569336558E-8
31.25,3.51115328282032E-8
35.15625,3.08304011951991E-8
39.0625,3.00459673222815E-8
42.96875,3.11160390986182E-8
46.875,3.93537093733402E-8
50.78125,9.43768995925227E-8
54.6875,2.08999019813156E-7
58.59375,3.03376314243528E-7
62.5,2.83384756585127E-7
66.40625,1.6934952744736E-7
70.3125,6.58289826500707E-8
74.21875,2.83607885593E-8
78.125,2.62482646499081E-8
82.03125,2.67742441144033E-8
85.9375,2.56912079951135E-8
89.84375,2.43877604760025E-8
93.75,2.49108353476526E-8
97.65625,2.61489460980622E-8
101.5625,2.63343130522755E-8
105.46875,2.55866879249428E-8
109.375,3.22456150647166E-8
113.28125,6.48738413850739E-8
117.1875,1.07397389637769E-7
121.09375,1.18017943332874E-7
125,8.55369543665715E-8
128.90625,4.48483444092538E-8
132.8125,2.79203149220872E-8
136.71875,2.56508233285281E-8
140.625,2.45715745995136E-8
144.53125,2.43092005843228E-8
148.4375,2.51216931001349E-8
152.34375,2.55884642254182E-8
156.25,2.50574747324945E-8
160.15625,2.42301878821518E-8
164.0625,2.45199158344825E-8
167.96875,3.95796768758568E-8
171.875,1.11389830844304E-7
175.78125,2.2566929376076E-7
179.6875,2.91691007839401E-7
183.59375,2.42059856491531E-7
187.5,1.28745273345541E-7
191.40625,4.7061802163128E-8
195.3125,2.55128829700245E-8
199.21875,2.51110593133313E-8
203.125,2.45130172240008E-8
207.03125,2.35679945103789E-8
210.9375,2.31728951169471E-8
214.84375,2.26733514080512E-8
218.75,2.22500958360369E-8
222.65625,2.2234120638835E-8
226.5625,2.33309074172882E-8
230.46875,3.0971199881565E-8
234.375,5.26520932999493E-8
238.28125,7.37712837373504E-8
242.1875,7.09465044907836E-8
246.09375,4.69023732828424E-8
250,2.76208560259553E-8
253.90625,2.34472389079553E-8
257.8125,2.27646107083026E-8
261.71875,2.19622687157201E-8
265.625,2.19958342501799E-8
269.53125,2.22372069801299E-8
273.4375,2.22031432690398E-8
277.34375,2.26475985515778E-8
281.25,2.28675597662976E-8
285.15625,2.23444426082828E-8
289.0625,2.93944129003342E-8
292.96875,6.46736600011056E-8
296.875,1.11831000471964E-7
300.78125,1.26074951877965E-7
304.6875,9.20932424949635E-8
308.59375,4.55531822329986E-8
312.5,2.42647820918845E-8
316.40625,2.26339336726123E-8
320.3125,2.27502108903861E-8
324.21875,2.28194939810074E-8
328.125,2.2894366614713E-8
332.03125,2.24812295156819E-8
335.9375,2.17096058830851E-8
339.84375,2.07796294211679E-8
343.75,2.04283714285627E-8
347.65625,2.11567456646422E-8
351.5625,2.41859917555739E-8
355.46875,3.22376616257378E-8
359.375,3.86057718711344E-8
363.28125,3.4833522131321E-8
367.1875,2.64106943753639E-8
371.09375,2.24166420316016E-8
375,2.14209693401068E-8
378.90625,2.10068888587514E-8
382.8125,2.13636668545189E-8
386.71875,2.2038374197938E-8
390.625,2.23767092491386E-8
394.53125,2.29370246614428E-8
398.4375,2.35592588839005E-8
402.34375,2.35197952083683E-8
406.25,2.29670399684138E-8
410.15625,2.57072201025956E-8
414.0625,3.97258836746941E-8
417.96875,5.59394247260375E-8
421.875,5.52115573115261E-8
425.78125,3.78437505211652E-8
429.6875,2.33941233631349E-8
433.59375,2.05810751129394E-8
437.5,2.1183279782928E-8
441.40625,2.17431518377454E-8
445.3125,2.23211396428449E-8
449.21875,2.30488080212564E-8
453.125,2.30989780840408E-8
457.03125,2.24923571799161E-8
460.9375,2.18814996472302E-8
464.84375,2.11230078639129E-8
468.75,2.04333731851901E-8
472.65625,2.13526649114217E-8
476.5625,2.32533474719244E-8
480.46875,2.40311591215824E-8
484.375,2.28586023990778E-8
488.28125,2.12997558805042E-8
492.1875,2.07848055601377E-8
496.09375,2.09004924461849E-8
500,2.1249000680817E-8
503.90625,2.14708176375993E-8
507.8125,2.14432699978961E-8
511.71875,2.18855541759587E-8
515.625,2.24314950550609E-8
519.53125,2.23310044962895E-8
523.4375,2.22533417400967E-8
527.34375,2.25786001813344E-8
531.25,2.66832764477693E-8
535.15625,3.94572852739184E-8
539.0625,5.00343466288046E-8
542.96875,4.5089700382753E-8
546.875,3.05187663280357E-8
550.78125,2.21429782707881E-8
554.6875,2.10146770337802E-8
558.59375,2.08711859159461E-8
562.5,2.09325340815823E-8
566.40625,2.14024585300471E-8
570.3125,2.19258452883425E-8
574.21875,2.19657756814695E-8
578.125,2.13252618351173E-8
582.03125,2.07946012377545E-8
585.9375,2.09153723668293E-8
589.84375,2.09533698141933E-8
593.75,2.03147688793963E-8
597.65625,2.01086858810722E-8
601.5625,2.08055287814254E-8
605.46875,2.16474109885392E-8
609.375,2.21648198222427E-8
613.28125,2.21793773611999E-8
617.1875,2.22124586586815E-8
621.09375,2.24911183583379E-8
625,2.23031497964841E-8
628.90625,2.16622521869275E-8
632.8125,2.10520044913794E-8
636.71875,2.07446420135641E-8
640.625,2.07345469205029E-8
644.53125,2.08976501381099E-8
648.4375,2.11402254199858E-8
652.34375,2.15768636603641E-8
656.25,2.27332526223825E-8
660.15625,2.38746964786643E-8
664.0625,2.3274766550457E-8
667.96875,2.19994816116462E-8
671.875,2.19089806747712E-8
675.78125,2.21284357641703E-8
679.6875,2.1322219369553E-8
683.59375,2.03875535406779E-8
687.5,2.08792510187157E-8
691.40625,2.1837544792867E-8
695.3125,2.16261193977012E-8
699.21875,2.10798366258375E-8
703.125,2.10414589241162E-8
707.03125,2.09892680220848E-8
710.9375,2.12117113833388E-8
714.84375,2.21744895498052E-8
718.75,2.3318427803824E-8
722.65625,2.31619956395323E-8
726.5625,2.17553956796141E-8
730.46875,2.04464417223874E-8
734.375,1.97704387214677E-8
738.28125,1.98072218251122E-8
742.1875,2.02243945767582E-8
746.09375,2.08012303857316E-8
750,2.11649296347132E-8
753.90625,2.08630934294552E-8
757.8125,2.02617657603388E-8
761.71875,2.00609255448788E-8
765.625,2.00775559191545E-8
769.53125,2.06259648889561E-8
773.4375,2.54520173844039E-8
777.34375,3.41614419453774E-8
781.25,3.61522417571301E-8
785.15625,2.89063075935847E-8
789.0625,2.26829953015054E-8
792.96875,2.16791833232826E-8
796.875,2.15055800955155E-8
800.78125,2.10531204782093E-8
804.6875,2.0568833261599E-8
808.59375,2.02746868860389E-8
812.5,1.9660663600563E-8
816.40625,1.94461472374604E-8
820.3125,2.00804209314448E-8
824.21875,2.01479822922687E-8
828.125,2.03552251625066E-8
832.03125,2.0899707440768E-8
835.9375,2.08718345448326E-8
839.84375,2.09231506949554E-8
843.75,2.13218904758883E-8
847.65625,2.13173593173424E-8
851.5625,2.08336793901017E-8
855.46875,2.05882994273695E-8
859.375,2.08979040595114E-8
863.28125,2.12494480621308E-8
867.1875,2.11984662697173E-8
871.09375,2.08330025721302E-8
875,2.08767641843069E-8
878.90625,2.12181890063431E-8
882.8125,2.09679367847556E-8
886.71875,2.05165230701352E-8
890.625,2.06204069777782E-8
894.53125,2.2170687455638E-8
898.4375,2.45258935703187E-8
902.34375,2.43639352787423E-8
906.25,2.21929123550313E-8
910.15625,2.08971261350761E-8
914.0625,2.08190842273162E-8
917.96875,2.12788019881614E-8
921.875,2.12639638721945E-8
925.78125,2.04297610302162E-8
929.6875,1.96773549642815E-8
933.59375,1.9857207187869E-8
937.5,2.02960409107058E-8
941.40625,2.04186222846482E-8
945.3125,2.03550648793043E-8
949.21875,1.99794139893268E-8
953.125,1.98488977885455E-8
957.03125,2.04580529228141E-8
960.9375,2.12147652779376E-8
964.84375,2.1413058360442E-8
968.75,2.09963188457436E-8
972.65625,2.08058442084924E-8
976.5625,2.08779757560213E-8
980.46875,2.02301660221E-8
984.375,1.9479697508889E-8
988.28125,2.06887607758812E-8
992.1875,2.96349302674174E-8
996.09375,4.71799838137667E-8
1000,5.65091113289588E-8
1003.90625,4.63366005386208E-8
1007.8125,2.86893792604928E-8
1011.71875,2.11093082701429E-8
1015.625,2.14286411449564E-8
1019.53125,2.2399351700732E-8
1023.4375,2.18804747572885E-8
1027.34375,2.08112552910745E-8
1031.25,2.06969911849811E-8
1035.15625,2.1229141403364E-8
1039.0625,2.14218324021357E-8
1042.96875,2.09298627579397E-8
1046.875,2.03820428521266E-8
1050.78125,2.04317002568282E-8
1054.6875,2.05348079877585E-8
1058.59375,2.03949466165179E-8
1062.5,2.01211750747637E-8
1066.40625,1.98060564647906E-8
1070.3125,2.01775307588993E-8
1074.21875,2.11159114330821E-8
1078.125,2.1508168581772E-8
1082.03125,2.12087985040094E-8
1085.9375,2.1136765998389E-8
1089.84375,2.11688237953894E-8
1093.75,2.06457495524362E-8
1097.65625,2.02943622051724E-8
1101.5625,2.07032069022789E-8
1105.46875,2.13781594892137E-8
1109.375,2.17468588232695E-8
1113.28125,2.19530811910306E-8
1117.1875,2.20816040774431E-8
1121.09375,2.18782868508257E-8
1125,2.12796752219536E-8
1128.90625,2.12105126869E-8
1132.8125,2.49184681101486E-8
1136.71875,3.30687652962468E-8
1140.625,3.60482077482569E-8
1144.53125,2.97979781666618E-8
1148.4375,2.25512458728091E-8
1152.34375,2.01767083324534E-8
1156.25,2.06902198892854E-8
1160.15625,2.11769234100091E-8
1164.0625,2.06581436935411E-8
1167.96875,2.01635840038515E-8
1171.875,2.03844759804153E-8
1175.78125,2.08077141421836E-8
1179.6875,2.0751289832129E-8
1183.59375,2.03825120223387E-8
1187.5,2.0041111803672E-8
1191.40625,1.98706131420064E-8
1195.3125,2.01572995601839E-8
1199.21875,2.07359928653723E-8
1203.125,2.08866531887015E-8
1207.03125,2.02497068145618E-8
1210.9375,1.97440438908119E-8
1214.84375,1.94185797250665E-8
1218.75,1.90757682229003E-8
1222.65625,1.95841399445942E-8
1226.5625,2.06025265826045E-8
1230.46875,2.11411629144398E-8
1234.375,2.11503733385691E-8
1238.28125,2.12998712015195E-8
1242.1875,2.16849376591656E-8
1246.09375,2.13987637346928E-8
1250,2.14502371489828E-8
1253.90625,2.62529689517275E-8
1257.8125,3.34840840147265E-8
1261.71875,3.35212104386661E-8
1265.625,2.64895411374501E-8
1269.53125,2.13011405717408E-8
1273.4375,1.99722482622805E-8
1277.34375,1.98187373137933E-8
1281.25,1.99140782661576E-8
1285.15625,1.99385318397635E-8
1289.0625,1.981518344405E-8
1292.96875,1.95298154796344E-8
1296.875,1.94251958280235E-8
1300.78125,1.9779944258259E-8
1304.6875,2.01077151688776E-8
1308.59375,1.98005364018484E-8
1312.5,1.95860039782239E-8
1316.40625,1.99686531665179E-8
1320.3125,1.99897225330567E-8
1324.21875,1.96960333744689E-8
1328.125,1.96133227848597E-8
1332.03125,1.98965177699773E-8
1335.9375,2.04342531841362E-8
1339.84375,2.07381240711939E-8
1343.75,2.04231646298332E-8
1347.65625,1.9649749213781E-8
1351.5625,1.92101241997234E-8
1355.46875,1.92798523468857E-8
1359.375,1.96015842668682E-8
1363.28125,2.02236890237205E-8
1367.1875,2.00882360035611E-8
1371.09375,2.00221344231854E-8
1375,2.20126680982706E-8
1378.90625,2.35727954183154E-8
1382.8125,2.23167298714747E-8
1386.71875,2.0705574217526E-8
1390.625,2.02346079680432E-8
1394.53125,2.02322263240087E-8
1398.4375,2.03580888605725E-8
1402.34375,2.00533513542742E-8
1406.25,1.98602418300126E-8
1410.15625,2.05289851833294E-8
1414.0625,2.11968776091015E-8
1417.96875,2.07013999894829E-8
1421.875,1.94789736454118E-8
1425.78125,1.89671547566036E-8
1429.6875,1.91562337402075E-8
1433.59375,1.97298505843292E-8
1437.5,2.03975841188841E-8
1441.40625,2.04691143330553E-8
1445.3125,2.01763468259294E-8
1449.21875,1.98021755382689E-8
1453.125,1.98333085179187E-8
1457.03125,2.01942619501173E-8
1460.9375,2.01720063832454E-8
1464.84375,2.03775585118896E-8
1468.75,2.10208211135224E-8
1472.65625,2.1171357804083E-8
1476.5625,2.08219975946092E-8
1480.46875,1.99726275451684E-8
1484.375,1.90687024607951E-8
1488.28125,1.89510776250338E-8
1492.1875,2.13649131265353E-8
1496.09375,2.69563839628062E-8
1500,2.96010086460266E-8
1503.90625,2.60323062403797E-8
1507.8125,2.23313067727066E-8
1511.71875,2.13740780140085E-8
1515.625,2.09169438616837E-8
1519.53125,2.06954863420592E-8
1523.4375,2.06279393006947E-8
1527.34375,2.08225532044653E-8
1531.25,2.09228800526824E-8
1535.15625,2.01939871103042E-8
1539.0625,1.95421852841326E-8
1542.96875,2.02110006287862E-8
1546.875,2.09130825959443E-8
1550.78125,2.03990355649721E-8
1554.6875,1.95838249465552E-8
1558.59375,1.96153283883061E-8
1562.5,2.02580526624996E-8
1566.40625,2.06168303203652E-8
1570.3125,2.03735213936296E-8
1574.21875,2.0110117153146E-8
1578.125,1.98401993217409E-8
1582.03125,1.93519173846697E-8
1585.9375,1.92887179647221E-8
1589.84375,2.00098467290012E-8
1593.75,2.12543880433557E-8
1597.65625,2.17592220830359E-8
1601.5625,2.08316533707025E-8
1605.46875,1.99848499295117E-8
1609.375,2.14559620003395E-8
1613.28125,2.88616098682119E-8
1617.1875,3.91968584170573E-8
1621.09375,4.04864184137278E-8
1625,3.07837974518633E-8
1628.90625,2.16762294603318E-8
1632.8125,1.92726677982405E-8
1636.71875,1.904355042351E-8
1640.625,1.94208429504257E-8
1644.53125,2.04054835537865E-8
1648.4375,2.08902114739623E-8
1652.34375,2.03249027232587E-8
1656.25,1.95516723239625E-8
1660.15625,1.92066539428378E-8
1664.0625,1.90402497186573E-8
1667.96875,1.87672838745956E-8
1671.875,1.86179991886241E-8
1675.78125,1.87965817678717E-8
1679.6875,1.88857138883515E-8
1683.59375,1.8790700298422E-8
1687.5,1.92512743571675E-8
1691.40625,1.99712314857359E-8
1695.3125,2.01940781049808E-8
1699.21875,2.00578605017316E-8
1703.125,2.01361801901645E-8
1707.03125,2.05429659035704E-8
1710.9375,2.09588322726606E-8
1714.84375,2.15491922886388E-8
1718.75,2.19191704617208E-8
1722.65625,2.11274715428951E-8
1726.5625,2.03067196592953E-8
1730.46875,2.10754162392028E-8
1734.375,2.33431329575757E-8
1738.28125,2.53147595555146E-8
1742.1875,2.38599198544363E-8
1746.09375,2.04642184357177E-8
1750,1.90786431316979E-8
1753.90625,1.92847873760918E-8
1757.8125,1.93593504981234E-8
1761.71875,1.90199937853551E-8
1765.625,1.87849607239227E-8
1769.53125,1.89750142974576E-8
1773.4375,1.94962014211552E-8
1777.34375,1.96524571499222E-8
1781.25,1.95317509379926E-8
1785.15625,1.92159924370065E-8
1789.0625,1.89787156143511E-8
1792.96875,1.949616583631E-8
1796.875,2.00561693396493E-8
1800.78125,2.00387277479137E-8
1804.6875,1.99236790273993E-8
1808.59375,2.01950678777325E-8
1812.5,2.06188883609978E-8
1816.40625,2.0886763608785E-8
1820.3125,2.08896630492223E-8
1824.21875,2.1179475926563E-8
1828.125,2.17585266583974E-8
1832.03125,2.17232652603061E-8
1835.9375,2.06297935484722E-8
1839.84375,1.95771743371239E-8
1843.75,1.96451702543086E-8
1847.65625,2.00826198405847E-8
1851.5625,2.23304234423512E-8
1855.46875,2.87516726239979E-8
1859.375,3.30081479394491E-8
1863.28125,2.91305890620534E-8
1867.1875,2.25386556860353E-8
1871.09375,1.95434747943188E-8
1875,1.89339678409033E-8
1878.90625,1.87753529177117E-8
1882.8125,1.84169821327233E-8
1886.71875,1.86484798138139E-8
1890.625,1.95496218251206E-8
1894.53125,1.98063745553212E-8
1898.4375,1.96602868828442E-8
1902.34375,1.96502959835965E-8
1906.25,1.9583535794959E-8
1910.15625,1.98768042769406E-8
1914.0625,2.01678035358741E-8
1917.96875,1.99337878195089E-8
1921.875,2.01220957503612E-8
1925.78125,2.04765576277881E-8
1929.6875,1.99071160198359E-8
1933.59375,1.90590143657661E-8
1937.5,1.9139491538428E-8
1941.40625,1.99682493937397E-8
1945.3125,2.03579101790709E-8
1949.21875,1.98719417284948E-8
1953.125,1.96232264453078E-8
1957.03125,2.02569012047933E-8
1960.9375,2.07396131630974E-8
1964.84375,2.06107177379803E-8
1968.75,2.13933110595793E-8
1972.65625,2.67720100044293E-8
1976.5625,3.57632245601774E-8
1980.46875,3.80814763290268E-8
1984.375,3.04994682984156E-8
1988.28125,2.32376544967361E-8
1992.1875,2.65604855186972E-8
1996.09375,3.87331606893282E-8
2000,4.52764506659512E-8
2003.90625,3.77887746768234E-8
2007.8125,2.60710427970522E-8
2011.71875,2.14292457757361E-8
2015.625,2.04843570410276E-8
2019.53125,1.99561493241017E-8
2023.4375,1.95674342278764E-8
2027.34375,1.92172530982813E-8
2031.25,1.90218786013676E-8
2035.15625,1.89290394150614E-8
2039.0625,1.88626679092231E-8
2042.96875,1.9067468362931E-8
2046.875,1.96283875185228E-8
2050.78125,2.00865529998203E-8
2054.6875,2.00253275953877E-8
2058.59375,1.97575095465359E-8
2062.5,1.98019085131643E-8
2066.40625,2.01594035835028E-8
2070.3125,2.02561449465581E-8
2074.21875,2.01271726873803E-8
2078.125,2.03700689171623E-8
2082.03125,2.12365911398323E-8
2085.9375,2.17620647340576E-8
2089.84375,2.15834601739915E-8
2093.75,2.30537723564255E-8
2097.65625,2.58186041431661E-8
2101.5625,2.54955147740356E-8
2105.46875,2.22525960330048E-8
2109.375,1.99899373355641E-8
2113.28125,1.93586589408561E-8
2117.1875,1.90996801771064E-8
2121.09375,1.92210940926347E-8
2125,1.95756782372734E-8
2128.90625,1.94874657969354E-8
2132.8125,1.90575848319674E-8
2136.71875,1.8755904604555E-8
2140.625,1.90054689162518E-8
2144.53125,1.9598605246993E-8
2148.4375,2.01622002365366E-8
2152.34375,2.04348037377191E-8
2156.25,2.04150589537763E-8
2160.15625,2.04651282597308E-8
2164.0625,2.00682847838874E-8
2167.96875,1.9102779210231E-8
2171.875,1.84565552760749E-8
2175.78125,1.85111354858494E-8
2179.6875,1.8647445155501E-8
2183.59375,1.82912562891786E-8
2187.5,1.79941672199189E-8
2191.40625,1.81380778727402E-8
2195.3125,1.86473456080879E-8
2199.21875,1.90778981541852E-8
2203.125,1.90550806757249E-8
2207.03125,1.89438188664579E-8
2210.9375,1.99440287511567E-8
2214.84375,2.32049131775002E-8
2218.75,2.57846606095264E-8
2222.65625,2.42395519662121E-8
2226.5625,2.1165884638508E-8
2230.46875,1.986676275895E-8
2234.375,1.94818458389107E-8
2238.28125,1.9397979392519E-8
2242.1875,1.95392643824265E-8
2246.09375,1.95418014849081E-8
2250,1.90847787529795E-8
2253.90625,1.84142462692462E-8
2257.8125,1.8745896815885E-8
2261.71875,1.97468623370547E-8
2265.625,2.02472963861329E-8
2269.53125,2.05039573622124E-8
2273.4375,2.02299593315608E-8
2277.34375,1.9396879346012E-8
2281.25,1.87088691560294E-8
2285.15625,1.83847205286178E-8
2289.0625,1.82305789672285E-8
2292.96875,1.83312757627723E-8
2296.875,1.87087719399084E-8
2300.78125,1.92273978255639E-8
2304.6875,1.93192215791895E-8
2308.59375,1.92420825886917E-8
2312.5,1.91821500452091E-8
2316.40625,1.91630862122514E-8
2320.3125,1.93780364380684E-8
2324.21875,1.94205504067009E-8
2328.125,1.94376032714318E-8
2332.03125,2.03812397180497E-8
2335.9375,2.26725690674428E-8
2339.84375,2.40529855107318E-8
2343.75,2.27920865520602E-8
2347.65625,2.13205387927728E-8
2351.5625,2.11626287667817E-8
2355.46875,2.1610107220158E-8
2359.375,2.15008216641978E-8
2363.28125,2.04478190921012E-8
2367.1875,1.92817409348383E-8
2371.09375,1.91053762387985E-8
2375,1.96606817209801E-8
2378.90625,1.97983194220524E-8
2382.8125,1.96705586776631E-8
2386.71875,1.96729549440174E-8
2390.625,1.9814049780697E-8
2394.53125,2.00800773009593E-8
2398.4375,1.99948752808049E-8
2402.34375,1.92817701082785E-8
2406.25,1.90511934159188E-8
2410.15625,1.90365436214134E-8
2414.0625,1.88491896900235E-8
2417.96875,1.94057262838826E-8
2421.875,2.00087240949718E-8
2425.78125,1.98994983621236E-8
2429.6875,1.97468727820304E-8
2433.59375,1.9637751754611E-8
2437.5,1.89442157702553E-8
2441.40625,1.8019034811747E-8
2445.3125,1.79892835935107E-8
2449.21875,1.91510178771442E-8
2453.125,2.13247386674641E-8
2457.03125,2.4255913987795E-8
2460.9375,2.48908957449415E-8
2464.84375,2.22931203805965E-8
2468.75,1.99779911859642E-8
2472.65625,1.97928398315526E-8
2476.5625,2.00386931264904E-8
2480.46875,1.97112299035182E-8
2484.375,1.99209608972888E-8
2488.28125,2.02268985814223E-8
2492.1875,2.00570976734709E-8
2496.09375,2.03660745066298E-8
2500,2.03945439284247E-8
2503.90625,1.95645630985647E-8
2507.8125,1.90034463100007E-8
2511.71875,1.92622256821246E-8
2515.625,2.00206219366362E-8
2519.53125,2.01391029671057E-8
2523.4375,1.9453708201747E-8
2527.34375,1.92442701112935E-8
2531.25,2.01979338597451E-8
2535.15625,2.08387395277672E-8
2539.0625,2.05560760511377E-8
2542.96875,2.03545840221242E-8
2546.875,2.00918255670662E-8
2550.78125,1.94132856055983E-8
2554.6875,1.92956642911741E-8
2558.59375,1.99827050070135E-8
2562.5,2.05260338812828E-8
2566.40625,2.01536248990437E-8
2570.3125,1.93340266843517E-8
2574.21875,1.95819932618232E-8
2578.125,2.09526109522004E-8
2582.03125,2.15083673478973E-8
2585.9375,2.15420856708193E-8
2589.84375,2.16057857769458E-8
2593.75,2.08864790290093E-8
2597.65625,2.00907868435711E-8
2601.5625,1.99081304198679E-8
2605.46875,1.99349410099675E-8
2609.375,1.98809064218471E-8
2613.28125,1.97182898422526E-8
2617.1875,1.91639844266511E-8
2621.09375,1.86503378315738E-8
2625,1.89069675832948E-8
2628.90625,1.9572325485642E-8
2632.8125,1.98701035753247E-8
2636.71875,1.98181762686301E-8
2640.625,1.96258233933694E-8
2644.53125,1.96110014586701E-8
2648.4375,1.97401203768353E-8
2652.34375,1.99561963033119E-8
2656.25,2.00988301822754E-8
2660.15625,1.99738244921989E-8
2664.0625,1.98680387528635E-8
2667.96875,1.97855610444156E-8
2671.875,1.95687460289185E-8
2675.78125,1.93720972664199E-8
2679.6875,1.9444899487389E-8
2683.59375,1.98391701068122E-8
2687.5,2.0238942396849E-8
2691.40625,2.06782294506553E-8
2695.3125,2.25178612419474E-8
2699.21875,2.40499380567441E-8
2703.125,2.29657075498049E-8
2707.03125,2.12862924821208E-8
2710.9375,2.02047856869351E-8
2714.84375,1.92292281836111E-8
2718.75,1.90055517891855E-8
2722.65625,1.94282332864841E-8
2726.5625,1.98543118542734E-8
2730.46875,2.00886877675816E-8
2734.375,1.97768906582441E-8
2738.28125,1.92255292569084E-8
2742.1875,1.91097224782896E-8
2746.09375,1.93162378408046E-8
2750,1.93895544228216E-8
2753.90625,1.95421363501507E-8
2757.8125,1.98048209754352E-8
2761.71875,1.99159274243848E-8
2765.625,2.00989589241647E-8
2769.53125,2.03777857888151E-8
2773.4375,2.00231514242003E-8
2777.34375,1.93226978199721E-8
2781.25,1.92848641872538E-8
2785.15625,1.96616239596605E-8
2789.0625,1.93926709472747E-8
2792.96875,1.90480200366345E-8
2796.875,1.94865016659014E-8
2800.78125,1.96262198802184E-8
2804.6875,1.92171184495514E-8
2808.59375,1.93709231523713E-8
2812.5,2.07636507751264E-8
2816.40625,2.34668015420278E-8
2820.3125,2.43028377915471E-8
2824.21875,2.18629499374526E-8
2828.125,1.99219698863723E-8
2832.03125,1.97743818218656E-8
2835.9375,2.01613483540528E-8
2839.84375,2.00739227048355E-8
2843.75,1.95043995924379E-8
2847.65625,1.95120571443507E-8
2851.5625,2.01901324592134E-8
2855.46875,2.03538286296682E-8
2859.375,1.97669397230619E-8
2863.28125,1.94807149151381E-8
2867.1875,1.94367813713449E-8
2871.09375,1.95664289972205E-8
2875,1.98985815218545E-8
2878.90625,1.98290631960807E-8
2882.8125,1.95070873347134E-8
2886.71875,1.94342238049581E-8
2890.625,1.93046974807762E-8
2894.53125,1.90912738371535E-8
2898.4375,1.93716074962511E-8
2902.34375,1.9738207250375E-8
2906.25,1.95035670477798E-8
2910.15625,1.90431486976519E-8
2914.0625,1.89587529516841E-8
2917.96875,1.91708722731392E-8
2921.875,1.91820464301885E-8
2925.78125,1.90149338261811E-8
2929.6875,1.91657190941227E-8
2933.59375,1.96384888612918E-8
2937.5,2.01691460136361E-8
2941.40625,2.03138089380938E-8
2945.3125,1.96813052813028E-8
2949.21875,1.88967143377169E-8
2953.125,1.89062406351918E-8
2957.03125,1.94071842787239E-8
2960.9375,1.99165120766735E-8
2964.84375,1.98588482560424E-8
2968.75,1.93982287792739E-8
2972.65625,1.93811673916186E-8
2976.5625,1.98319546520584E-8
2980.46875,2.00676036419713E-8
2984.375,2.01562604897672E-8
2988.28125,2.08793022072119E-8
2992.1875,2.36132552336147E-8
2996.09375,2.96364373594295E-8
3000,3.33529728270617E-8
3003.90625,2.93125426288496E-8
3007.8125,2.25480736220312E-8
3011.71875,1.97554595315036E-8
3015.625,1.9907173475629E-8
3019.53125,2.03984858844303E-8
3023.4375,2.05407815868689E-8
3027.34375,2.00829989063216E-8
3031.25,1.9105820819409E-8
3035.15625,1.858215058565E-8
3039.0625,1.8958058649933E-8
3042.96875,1.96332635909301E-8
3046.875,2.02090559972708E-8
3050.78125,2.06207006853618E-8
3054.6875,2.14044839569753E-8
3058.59375,2.23315452323264E-8
3062.5,2.22284308661675E-8
3066.40625,2.1513054383335E-8
3070.3125,2.11877626231527E-8
3074.21875,2.10730237374951E-8
3078.125,2.0507592106932E-8
3082.03125,2.01127593774266E-8
3085.9375,1.98935244782004E-8
3089.84375,1.92219447246689E-8
3093.75,1.8862316010932E-8
3097.65625,1.92033461214353E-8
3101.5625,1.96360330046212E-8
3105.46875,2.0275866001581E-8
3109.375,2.09526404839004E-8
3113.28125,2.09427432440267E-8
3117.1875,2.06072285691977E-8
3121.09375,2.03767174732039E-8
3125,2.02610244908347E-8
3128.90625,2.03394763738771E-8
3132.8125,2.04942542387457E-8
3136.71875,2.04592370507058E-8
3140.625,2.01009002145697E-8
3144.53125,1.90035489254526E-8
3148.4375,1.7783105765298E-8
3152.34375,1.82512476910194E-8
3156.25,1.96601810190974E-8
3160.15625,2.02338684836784E-8
3164.0625,2.0242423721896E-8
3167.96875,2.05338081097656E-8
3171.875,2.13072434082199E-8
3175.78125,2.3051677103008E-8
3179.6875,2.44546562333647E-8
3183.59375,2.37673572212604E-8
3187.5,2.19558876408423E-8
3191.40625,2.07213669020581E-8
3195.3125,2.0269419332523E-8
3199.21875,1.96982104643286E-8
3203.125,1.85810506777035E-8
3207.03125,1.78315695361998E-8
3210.9375,1.83253411355567E-8
3214.84375,1.93288587985028E-8
3218.75,2.00784403065277E-8
3222.65625,2.08097983569728E-8
3226.5625,2.10759242438403E-8
3230.46875,2.03953217160824E-8
3234.375,1.9677121502979E-8
3238.28125,1.96110798604957E-8
3242.1875,1.95923549129048E-8
3246.09375,1.92657540570993E-8
3250,1.89583642645204E-8
3253.90625,1.87639695475411E-8
3257.8125,1.94007727276552E-8
3261.71875,2.03259147227715E-8
3265.625,2.00673466894266E-8
3269.53125,1.92369182693212E-8
3273.4375,1.9130477374151E-8
3277.34375,1.91520478485388E-8
3281.25,1.8802739624563E-8
3285.15625,1.88143347379315E-8
3289.0625,1.93138992539202E-8
3292.96875,1.98198650327519E-8
3296.875,2.02839348604806E-8
3300.78125,2.06071375790575E-8
3304.6875,2.08114508026073E-8
3308.59375,2.10172331962698E-8
3312.5,2.08968246479239E-8
3316.40625,2.03852504729804E-8
3320.3125,1.9400937028962E-8
3324.21875,1.82101431744273E-8
3328.125,1.76768617970228E-8
3332.03125,1.82429684164933E-8
3335.9375,1.91198850324985E-8
3339.84375,1.95989467953731E-8
3343.75,2.01772538326079E-8
3347.65625,2.05902765402194E-8
3351.5625,2.04006909515134E-8
3355.46875,2.01588743427832E-8
3359.375,2.00497736065901E-8
3363.28125,1.98912933535054E-8
3367.1875,1.97843413345766E-8
3371.09375,1.98444819459111E-8
3375,1.97942067927524E-8
3378.90625,1.93766110867735E-8
3382.8125,1.9072262705139E-8
3386.71875,1.93465429951771E-8
3390.625,1.97953018092996E-8
3394.53125,1.96805164246253E-8
3398.4375,1.92575312114807E-8
3402.34375,1.93556580322362E-8
3406.25,1.96277054404354E-8
3410.15625,1.96694357443766E-8
3414.0625,2.00487953657956E-8
3417.96875,2.03706957632141E-8
3421.875,1.97683445187065E-8
3425.78125,1.89228374420249E-8
3429.6875,1.85882856666965E-8
3433.59375,1.83251160299855E-8
3437.5,1.81858400444246E-8
3441.40625,1.80918613979365E-8
3445.3125,1.81215559566603E-8
3449.21875,1.89701874702962E-8
3453.125,1.97583570137541E-8
3457.03125,1.94523250242753E-8
3460.9375,1.88225898190148E-8
3464.84375,1.88117134779338E-8
3468.75,1.89191043803455E-8
3472.65625,1.93870273785762E-8
3476.5625,2.01214639552455E-8
3480.46875,2.00975847018547E-8
3484.375,1.93321257458291E-8
3488.28125,1.87436471280639E-8
3492.1875,1.9025794517865E-8
3496.09375,1.96338509302633E-8
3500,2.01067500051065E-8
3503.90625,2.0398476692322E-8
3507.8125,2.04318737044764E-8
3511.71875,1.99621157385022E-8
3515.625,1.91485611913216E-8
3519.53125,1.88278090277336E-8
3523.4375,1.89114744344291E-8
3527.34375,1.8921786075479E-8
3531.25,1.91747929652504E-8
3535.15625,2.00437462858148E-8
3539.0625,2.07108539675224E-8
3542.96875,2.05828607045554E-8
3546.875,2.05903685155141E-8
3550.78125,2.04835332029345E-8
3554.6875,1.94577174149066E-8
3558.59375,1.82067995170816E-8
3562.5,1.80955506253904E-8
3566.40625,1.8618498711989E-8
3570.3125,1.85397610698453E-8
3574.21875,1.86910350741193E-8
3578.125,1.96429653308445E-8
3582.03125,2.02966441760274E-8
3585.9375,2.03151057711193E-8
3589.84375,2.00715799135945E-8
3593.75,1.98305770554066E-8
3597.65625,1.96894216186771E-8
3601.5625,1.91271093240501E-8
3605.46875,1.86895553225031E-8
3609.375,1.86333081238815E-8
3613.28125,1.86634352247384E-8
3617.1875,1.90556159729243E-8
3621.09375,1.9489660412369E-8
3625,1.95644413825059E-8
3628.90625,1.98125696751592E-8
3632.8125,2.00042066836648E-8
3636.71875,2.01821635995707E-8
3640.625,2.06017948435388E-8
3644.53125,2.0756015031235E-8
3648.4375,2.03801752636375E-8
3652.34375,1.98793662123741E-8
3656.25,1.98454201820987E-8
3660.15625,1.98858902991442E-8
3664.0625,2.00054429812076E-8
3667.96875,2.06256803471902E-8
3671.875,2.07815874290619E-8
3675.78125,2.00023319396445E-8
3679.6875,1.91528721773718E-8
3683.59375,1.91757835246143E-8
3687.5,2.00677129626018E-8
3691.40625,2.04982977650453E-8
3695.3125,2.02028757254349E-8
3699.21875,2.00960527017267E-8
3703.125,1.98163397517049E-8
3707.03125,1.91975570392474E-8
3710.9375,1.88963164361855E-8
3714.84375,1.90586178850314E-8
3718.75,1.91039315257363E-8
3722.65625,1.87864139970669E-8
3726.5625,1.87176155374984E-8
3730.46875,1.89592286622787E-8
3734.375,1.94701753986342E-8
3738.28125,2.01603160028034E-8
3742.1875,2.00772495963877E-8
3746.09375,1.9015731559179E-8
3750,1.836112130484E-8
3753.90625,1.82273100393907E-8
3757.8125,1.79166187929204E-8
3761.71875,1.81451216115385E-8
3765.625,1.9180732621386E-8
3769.53125,1.97754172532297E-8
3773.4375,1.94654048905587E-8
3777.34375,1.88891646872431E-8
3781.25,1.84843494015528E-8
3785.15625,1.84908039096012E-8
3789.0625,1.88003730679341E-8
3792.96875,1.94346068342527E-8
3796.875,1.97970408287388E-8
3800.78125,1.93860659901434E-8
3804.6875,1.90051926705294E-8
3808.59375,1.89914483224754E-8
3812.5,1.93728851315799E-8
3816.40625,1.9891597826753E-8
3820.3125,2.01393506247897E-8
3824.21875,2.03595707513518E-8
3828.125,2.04916877409017E-8
3832.03125,2.01837726728266E-8
3835.9375,1.98074698458359E-8
3839.84375,1.97133377829952E-8
3843.75,1.98708150777797E-8
3847.65625,1.99573322269496E-8
3851.5625,1.94284938661395E-8
3855.46875,1.88330775665111E-8
3859.375,1.88884291123887E-8
3863.28125,1.93023827523594E-8
3867.1875,1.96018501946062E-8
3871.09375,1.95995753436426E-8
3875,1.94744431121357E-8
3878.90625,1.92223514929677E-8
3882.8125,1.86761308800686E-8
3886.71875,1.89933014186617E-8
3890.625,2.00172294304983E-8
3894.53125,2.05603554773955E-8
3898.4375,2.04678703144404E-8
3902.34375,2.03322383479711E-8
3906.25,2.05172094141856E-8
3910.15625,2.0708270852098E-8
3914.0625,2.08052926586056E-8
3917.96875,2.08215419294319E-8
3921.875,2.05187492637003E-8
3925.78125,2.03119406145768E-8
3929.6875,2.05864596585177E-8
3933.59375,2.06186019027792E-8
3937.5,1.99550744095566E-8
3941.40625,1.95317749380084E-8
3945.3125,1.9863478018898E-8
3949.21875,2.01294112013621E-8
3953.125,2.02894204430726E-8
3957.03125,2.07297598431603E-8
3960.9375,2.09623058524943E-8
3964.84375,2.06714293324024E-8
3968.75,2.02091283676355E-8
3972.65625,1.99219670627801E-8
3976.5625,1.97345780700363E-8
3980.46875,1.96436907875277E-8
3984.375,1.96874511831602E-8
3988.28125,2.00750781196113E-8
3992.1875,2.07762733093939E-8
3996.09375,2.22791421408335E-8
4000,2.37127257386184E-8
4003.90625,2.29441070117623E-8
4007.8125,2.134457312805E-8
4011.71875,2.09370320997618E-8
4015.625,2.07858871805645E-8
4019.53125,1.98074745790256E-8
4023.4375,1.90006547598004E-8
4027.34375,1.91966564886798E-8
4031.25,1.97893826941046E-8
4035.15625,2.00303757015682E-8
4039.0625,2.02513281130743E-8
4042.96875,2.0384762049386E-8
4046.875,2.03573151767851E-8
4050.78125,2.09297516693583E-8
4054.6875,2.10835232790085E-8
4058.59375,2.02958321194498E-8
4062.5,1.96698084738232E-8
4066.40625,1.97062722641473E-8
4070.3125,2.02358237031483E-8
4074.21875,2.0530367974924E-8
4078.125,2.03226562179191E-8
4082.03125,2.01525884304409E-8
4085.9375,1.98798255524872E-8
4089.84375,1.95008826663984E-8
4093.75,1.94947799003264E-8
4097.65625,1.95272163258303E-8
4101.5625,1.89995307218697E-8
4105.46875,1.84608186274552E-8
4109.375,1.85798477680531E-8
4113.28125,1.90455943679516E-8
4117.1875,1.93621900793564E-8
4121.09375,1.92847601518091E-8
4125,1.91794793359696E-8
4128.90625,1.89223895531456E-8
4132.8125,1.85170348694378E-8
4136.71875,1.87963762717265E-8
4140.625,1.9334230345251E-8
4144.53125,1.97793148058649E-8
4148.4375,2.01301610432255E-8
4152.34375,1.99642422105856E-8
4156.25,1.97893826941046E-8
4160.15625,1.9789706737569E-8
4164.0625,1.95262195877206E-8
4167.96875,1.9094172925406E-8
4171.875,1.87868481605706E-8
4175.78125,1.83755136609671E-8
4179.6875,1.81987689359726E-8
4183.59375,1.87490813280583E-8
4187.5,1.92596011253455E-8
4191.40625,1.92946293528159E-8
4195.3125,1.92440362677412E-8
4199.21875,1.95361587662347E-8
4203.125,1.97787336821816E-8
4207.03125,2.00657656580933E-8
4210.9375,2.02448745564894E-8
4214.84375,1.99197927780006E-8
4218.75,1.96156983223074E-8
4222.65625,1.93244793693245E-8
4226.5625,1.87618499498275E-8
4230.46875,1.84708093170967E-8
4234.375,1.85895808269834E-8
4238.28125,1.86547076664377E-8
4242.1875,1.8379682571506E-8
4246.09375,1.81810770021576E-8
4250,1.83651076640527E-8
4253.90625,1.89324397303321E-8
4257.8125,1.98554800484785E-8
4261.71875,2.0012349470129E-8
4265.625,1.95019287729959E-8
4269.53125,1.95715092431777E-8
4273.4375,1.96160481759518E-8
4277.34375,1.93504862334776E-8
4281.25,1.90860736239997E-8
4285.15625,1.88722223216886E-8
4289.0625,1.88700969976272E-8
4292.96875,1.85956953068101E-8
4296.875,1.86086618790898E-8
4300.78125,1.91712586079209E-8
4304.6875,1.95768850872978E-8
4308.59375,2.0139036862472E-8
4312.5,2.09173140825911E-8
4316.40625,2.07872068797156E-8
4320.3125,2.00175760132622E-8
4324.21875,1.94597660351972E-8
4328.125,1.9179534083377E-8
4332.03125,1.93602144257157E-8
4335.9375,1.96361819689078E-8
4339.84375,1.94131088525199E-8
4343.75,1.93940767487686E-8
4347.65625,2.02349628738737E-8
4351.5625,2.09115726803305E-8
4355.46875,2.08074221732473E-8
4359.375,2.00404765198289E-8
4363.28125,1.9345566025491E-8
4367.1875,1.99014157691997E-8
4371.09375,2.06924699848433E-8
4375,2.03096197402152E-8
4378.90625,1.97534899880023E-8
4382.8125,1.96070981812982E-8
4386.71875,1.981656305703E-8
4390.625,2.02250741466228E-8
4394.53125,2.00766061165747E-8
4398.4375,1.98383828016826E-8
4402.34375,1.99590374003641E-8
4406.25,2.00426292927035E-8
4410.15625,1.98746684495171E-8
4414.0625,1.91658247540733E-8
4417.96875,1.87664176297554E-8
4421.875,1.92605542234832E-8
4425.78125,1.97157649895403E-8
4429.6875,1.9817669138256E-8
4433.59375,2.01701537429367E-8
4437.5,2.05694549619565E-8
4441.40625,2.02742374168867E-8
4445.3125,1.97130990408174E-8
4449.21875,1.97162167289343E-8
4453.125,1.98404866228957E-8
4457.03125,1.93622501205753E-8
4460.9375,1.88595015824461E-8
4464.84375,1.90711989293155E-8
4468.75,1.95363679981619E-8
4472.65625,2.00154833114628E-8
4476.5625,2.02064801857814E-8
4480.46875,1.98843108705994E-8
4484.375,1.96513894775883E-8
4488.28125,2.00257161725006E-8
4492.1875,2.0354188826397E-8
4496.09375,2.03164412841559E-8
4500,2.03303080799521E-8
4503.90625,2.01237105583493E-8
4507.8125,1.96078938168023E-8
4511.71875,1.91707813121722E-8
4515.625,1.8884069672634E-8
4519.53125,1.88863512813034E-8
4523.4375,1.96684319135799E-8
4527.34375,2.03373919021334E-8
4531.25,1.97330254890827E-8
4535.15625,1.92278902938494E-8
4539.0625,1.9465299893486E-8
4542.96875,1.95990864745083E-8
4546.875,1.92788797783529E-8
4550.78125,1.86860174888419E-8
4554.6875,1.82561156756605E-8
4558.59375,1.85685081318881E-8
4562.5,1.94111683262921E-8
4566.40625,1.98189132875876E-8
4570.3125,1.96881397627913E-8
4574.21875,1.94946721759845E-8
4578.125,1.94995403371294E-8
4582.03125,1.9731751217239E-8
4585.9375,1.9799099796947E-8
4589.84375,1.93877508064445E-8
4593.75,1.87727811494486E-8
4597.65625,1.79875814121631E-8
4601.5625,1.75398355703649E-8
4605.46875,1.81621413917118E-8
4609.375,1.94338166471535E-8
4613.28125,2.01457235039958E-8
4617.1875,2.02032571753241E-8
4621.09375,1.9995285080141E-8
4625,1.96567587379377E-8
4628.90625,1.95265921701555E-8
4632.8125,1.9569929353247E-8
4636.71875,1.96470838509147E-8
4640.625,1.94189794777354E-8
4644.53125,1.86520850841506E-8
4648.4375,1.78174071074623E-8
4652.34375,1.76678140451016E-8
4656.25,1.84109885648481E-8
4660.15625,1.94115479467349E-8
4664.0625,1.9827697692279E-8
4667.96875,1.96974270443158E-8
4671.875,1.95855118982401E-8
4675.78125,1.95284972228403E-8
4679.6875,1.96260020522904E-8
4683.59375,1.98468950034993E-8
4687.5,2.00461709008681E-8
4691.40625,2.00801081158896E-8
4695.3125,1.99493850426337E-8
4699.21875,2.02971661292568E-8
4703.125,2.08296802650501E-8
4707.03125,2.08904825394662E-8
4710.9375,2.02554330938552E-8
4714.84375,1.97087754998825E-8
4718.75,1.95914811234762E-8
4722.65625,1.93004748111508E-8
4726.5625,1.93323594937567E-8
4730.46875,1.95662651272705E-8
4734.375,1.92368013032156E-8
4738.28125,1.90695067939401E-8
4742.1875,1.93418544478327E-8
4746.09375,1.90898899368947E-8
4750,1.87136772159067E-8
4753.90625,1.8922133895006E-8
4757.8125,1.91308733457402E-8
4761.71875,1.90594708494989E-8
4765.625,1.89061295574401E-8
4769.53125,1.85063578862653E-8
4773.4375,1.85495566067565E-8
4777.34375,1.90458739656456E-8
4781.25,1.90428099810297E-8
4785.15625,1.8619943830125E-8
4789.0625,1.83727114093762E-8
4792.96875,1.88854924835851E-8
4796.875,1.95185916082644E-8
4800.78125,1.92997043924334E-8
4804.6875,1.91944391179514E-8
4808.59375,1.92806206413394E-8
4812.5,1.87785683808779E-8
4816.40625,1.84941945647597E-8
4820.3125,1.84317001515554E-8
4824.21875,1.85344030839809E-8
4828.125,1.89172341041027E-8
4832.03125,1.91521144227306E-8
4835.9375,1.8954551147271E-8
4839.84375,1.85929010282504E-8
4843.75,1.8550892879909E-8
4847.65625,1.87840144389394E-8
4851.5625,1.91747421158074E-8
4855.46875,1.98867351240503E-8
4859.375,2.00207998821607E-8
4863.28125,1.91651633914613E-8
4867.1875,1.88160478280195E-8
4871.09375,1.93505249931982E-8
4875,2.00699534371713E-8
4878.90625,2.06101009213986E-8
4882.8125,2.02928709325554E-8
4886.71875,1.95198874800051E-8
4890.625,1.92886508899129E-8
4894.53125,1.92062995606511E-8
4898.4375,1.91358428763949E-8
4902.34375,1.89946548445662E-8
4906.25,1.90015794013827E-8
4910.15625,1.93735200462807E-8
4914.0625,1.95332091254163E-8
4917.96875,1.94589103818316E-8
4921.875,1.96492997633249E-8
4925.78125,1.99535502618829E-8
4929.6875,1.98376701360041E-8
4933.59375,1.94766074252481E-8
4937.5,1.94104863431836E-8
4941.40625,1.96883502366834E-8
4945.3125,1.95567142171609E-8
4949.21875,1.91935481902658E-8
4953.125,1.87927428086381E-8
4957.03125,1.83629849129557E-8
4960.9375,1.85948412359086E-8
4964.84375,1.94896007636604E-8
4968.75,1.99161599692992E-8
4972.65625,1.94803212420121E-8
4976.5625,1.89082379398231E-8
4980.46875,1.88883467182796E-8
4984.375,1.91974427634788E-8
4988.28125,1.89664627396434E-8
4992.1875,1.8247150140582E-8
4996.09375,1.88315143852337E-8
5000,2.0159254765021E-8
5003.90625,1.99701742836691E-8
5007.8125,1.91464263897213E-8
5011.71875,1.89553979134881E-8
5015.625,1.90228436100782E-8
5019.53125,1.89680681803328E-8
5023.4375,1.90436488844371E-8
5027.34375,1.94700193859697E-8
5031.25,2.00327270555436E-8
5035.15625,2.05968876977298E-8
5039.0625,2.09737423237813E-8
5042.96875,2.07332907927396E-8
5046.875,2.0221923642572E-8
5050.78125,1.98382353557117E-8
5054.6875,1.93051180457777E-8
5058.59375,1.93331257015872E-8
5062.5,1.98233887410047E-8
5066.40625,1.9737823462857E-8
5070.3125,1.96540733370889E-8
5074.21875,1.97517851064908E-8
5078.125,1.95353621287556E-8
5082.03125,1.9394317484472E-8
5085.9375,1.95329585821954E-8
5089.84375,1.97031929717461E-8
5093.75,2.01191462714388E-8
5097.65625,2.02686191365967E-8
5101.5625,1.99180983655904E-8
5105.46875,1.96340266511369E-8
5109.375,1.9338302143214E-8
5113.28125,1.86135038824528E-8
5117.1875,1.80526167952664E-8
5121.09375,1.85788425925443E-8
5125,1.9226484044062E-8
5128.90625,1.92650776325198E-8
5132.8125,1.90814330990294E-8
5136.71875,1.89642313072736E-8
5140.625,1.88601806228836E-8
5144.53125,1.85966683149943E-8
5148.4375,1.84139652271263E-8
5152.34375,1.85539552306437E-8
5156.25,1.87888761201861E-8
5160.15625,1.89304360647182E-8
5164.0625,1.8817851436696E-8
5167.96875,1.86122396023457E-8
5171.875,1.86620457209768E-8
5175.78125,1.9004457640034E-8
5179.6875,1.89685545308662E-8
5183.59375,1.86762302740514E-8
5187.5,1.86437223238854E-8
5191.40625,1.87109356307769E-8
5195.3125,1.89823115042688E-8
5199.21875,1.95240156364159E-8
5203.125,2.01289957490003E-8
5207.03125,1.99600378888488E-8
5210.9375,1.88574225526015E-8
5214.84375,1.82546150490274E-8
5218.75,1.87126361422501E-8
5222.65625,1.91490478536016E-8
5226.5625,1.90138530368677E-8
5230.46875,1.90906275711646E-8
5234.375,1.97107961241804E-8
5238.28125,2.0495491166772E-8
5242.1875,2.09999665879746E-8
5246.09375,2.06210125745936E-8
5250,1.99916406658654E-8
5253.90625,1.99037644588983E-8
5257.8125,1.96326561776261E-8
5261.71875,1.94645668247484E-8
5265.625,1.98040256771454E-8
5269.53125,1.96467345499293E-8
5273.4375,1.87850066394919E-8
5277.34375,1.81323188890587E-8
5281.25,1.79231438443775E-8
5285.15625,1.78667328691138E-8
5289.0625,1.8197180117486E-8
5292.96875,1.91299578940429E-8
5296.875,1.97583579627452E-8
5300.78125,1.96427753713131E-8
5304.6875,1.94267006213334E-8
5308.59375,1.93089279666633E-8
5312.5,1.92741271028192E-8
5316.40625,1.95363065725074E-8
5320.3125,1.9591494522513E-8
5324.21875,1.89977265957233E-8
5328.125,1.87405677489784E-8
5332.03125,1.88370406950018E-8
5335.9375,1.87197631815691E-8
5339.84375,1.92138329233135E-8
5343.75,1.97457921725326E-8
5347.65625,1.97423467414156E-8
5351.5625,1.99328029458033E-8
5355.46875,1.99102984442324E-8
5359.375,1.94334258834185E-8
5363.28125,1.88725422422181E-8
5367.1875,1.83670290578574E-8
5371.09375,1.83488657949132E-8
5375,1.88891607166056E-8
5378.90625,1.95077140368201E-8
5382.8125,2.00462756615756E-8
5386.71875,2.0410828068363E-8
5390.625,2.03766208527512E-8
5394.53125,2.00415477894728E-8
5398.4375,1.94236860914235E-8
5402.34375,1.90998009280706E-8
5406.25,1.95365724290275E-8
5410.15625,1.99734902930303E-8
5414.0625,1.99817384968753E-8
5417.96875,1.99502863901097E-8
5421.875,2.02550915067577E-8
5425.78125,2.02842463814763E-8
5429.6875,1.9744788425146E-8
5433.59375,1.93038592372889E-8
5437.5,1.89764391824299E-8
5441.40625,1.86415226680201E-8
5445.3125,1.86203939589974E-8
5449.21875,1.8664932115928E-8
5453.125,1.87570012566673E-8
5457.03125,1.91700995802184E-8
5460.9375,1.96818035404233E-8
5464.84375,2.00152256898049E-8
5468.75,1.99751903323605E-8
5472.65625,2.00088215548467E-8
5476.5625,2.06314567760016E-8
5480.46875,2.0756140600246E-8
5484.375,1.94353352444504E-8
5488.28125,1.82094429828774E-8
5492.1875,1.86489453410544E-8
5496.09375,2.00240663063915E-8
5500,2.04126781552413E-8
5503.90625,1.98159953266933E-8
5507.8125,1.96371015118891E-8
5511.71875,1.96539912906476E-8
5515.625,1.91926679678066E-8
5519.53125,1.89213104144934E-8
5523.4375,1.9233075560632E-8
5527.34375,1.94738615564056E-8
5531.25,1.94398411330876E-8
5535.15625,1.90972031413166E-8
5539.0625,1.86403085721188E-8
5542.96875,1.89126760800162E-8
5546.875,1.98204042716573E-8
5550.78125,2.00168669172405E-8
5554.6875,1.95712026644441E-8
5558.59375,1.96474111956548E-8
5562.5,2.01393422454442E-8
5566.40625,2.03546807471823E-8
5570.3125,1.99578743281778E-8
5574.21875,1.91500387655265E-8
5578.125,1.8944218739579E-8
5582.03125,1.93512255617642E-8
5585.9375,1.96606817209801E-8
5589.84375,1.94770781892687E-8
5593.75,1.89647029256279E-8
5597.65625,1.88504221629462E-8
5601.5625,1.92141822872174E-8
5605.46875,1.95132554373505E-8
5609.375,1.94261707234515E-8
5613.28125,1.89733936324816E-8
5617.1875,1.84522401315217E-8
5621.09375,1.86574163093642E-8
5625,1.93805559472353E-8
5628.90625,1.97394383599713E-8
5632.8125,1.98135321348751E-8
5636.71875,2.02619813804587E-8
5640.625,2.08094388380626E-8
5644.53125,2.0711220629719E-8
5648.4375,2.01603420447461E-8
5652.34375,1.99989307054441E-8
5656.25,2.05043386977585E-8
5660.15625,2.12751958844189E-8
5664.0625,2.14291959009049E-8
5667.96875,2.07958094814794E-8
5671.875,2.03061333143501E-8
5675.78125,2.01271857297974E-8
5679.6875,1.99701226427029E-8
5683.59375,1.97300891238065E-8
5687.5,1.96466142973334E-8
5691.40625,1.96163741268744E-8
5695.3125,1.9715207671521E-8
5699.21875,1.97329713270771E-8
5703.125,1.91614961325492E-8
5707.03125,1.86925758977353E-8
5710.9375,1.8913819158795E-8
5714.84375,1.93564330047788E-8
5718.75,1.93156524925716E-8
5722.65625,1.89039683702377E-8
5726.5625,1.89521956324544E-8
5730.46875,1.95731052911301E-8
5734.375,2.00161568593298E-8
5738.28125,1.97354502742934E-8
5742.1875,1.91063468440325E-8
5746.09375,1.88355664409129E-8
5750,1.86997637265256E-8
5753.90625,1.89561002259282E-8
5757.8125,1.99366189428369E-8
5761.71875,2.04357644181977E-8
5765.625,1.98414439483611E-8
5769.53125,1.91687106108355E-8
5773.4375,1.88856235396347E-8
5777.34375,1.89025181832214E-8
5781.25,1.93387801523243E-8
5785.15625,1.93778119497764E-8
5789.0625,1.9063519696481E-8
5792.96875,1.95334692645938E-8
5796.875,2.01350850870705E-8
5800.78125,1.9999190412134E-8
5804.6875,1.94354104958686E-8
5808.59375,1.90347242870859E-8
5812.5,1.90271850508809E-8
5816.40625,1.89438248052294E-8
5820.3125,1.84161625363261E-8
5824.21875,1.79033437147928E-8
5828.125,1.80157920281419E-8
5832.03125,1.83532767596926E-8
5835.9375,1.87009579201235E-8
5839.84375,1.94854653161765E-8
5843.75,1.99598406133987E-8
5847.65625,2.00669972286856E-8
5851.5625,1.99769315258051E-8
5855.46875,1.92607859194791E-8
5859.375,1.8940758171829E-8
5863.28125,1.94357539473598E-8
5867.1875,1.96393615140052E-8
5871.09375,1.923247500711E-8
5875,1.95249385412905E-8
5878.90625,2.06275747941518E-8
5882.8125,2.09515263045612E-8
5886.71875,1.99715131464721E-8
5890.625,1.8625597343589E-8
5894.53125,1.81415809630494E-8
5898.4375,1.84936835727873E-8
5902.34375,1.91065774659333E-8
5906.25,1.96135723015105E-8
5910.15625,1.95617519352632E-8
5914.0625,1.8888743795016E-8
5917.96875,1.83043412071312E-8
5921.875,1.84925094544075E-8
5925.78125,1.91295246564478E-8
5929.6875,1.93153234084122E-8
5933.59375,1.92590150293226E-8
5937.5,1.95460880941975E-8
5941.40625,1.95861456643315E-8
5945.3125,1.94478991594286E-8
5949.21875,1.96892406782542E-8
5953.125,1.98430570270617E-8
5957.03125,1.98084344465283E-8
5960.9375,1.95150522584774E-8
5964.84375,1.92647729903841E-8
5968.75,1.94245548800155E-8
5972.65625,1.97235401203155E-8
5976.5625,1.99341452592486E-8
5980.46875,1.99803740427865E-8
5984.375,1.93502914647065E-8
5988.28125,1.86806633101577E-8
5992.1875,2.01695290310731E-8
5996.09375,2.42951351024262E-8
6000,2.69102117122161E-8
6003.90625,2.45882334734633E-8
6007.8125,2.11365557537503E-8
6011.71875,1.98232194281425E-8
6015.625,1.88726346406164E-8
6019.53125,1.81657791875303E-8
6023.4375,1.8170004475044E-8
6027.34375,1.86798472527675E-8
6031.25,1.9512098466024E-8
6035.15625,1.9769388802433E-8
6039.0625,1.93616748793088E-8
6042.96875,1.90389005188266E-8
6046.875,1.87924813956839E-8
6050.78125,1.89158037680844E-8
6054.6875,1.94215158808148E-8
6058.59375,1.93786624757302E-8
6062.5,1.85974749153087E-8
6066.40625,1.8100718424184E-8
6070.3125,1.8661527267909E-8
6074.21875,1.95745019658115E-8
6078.125,1.95241299214881E-8
6082.03125,1.88922585528701E-8
6085.9375,1.9251261695323E-8
6089.84375,2.01074549988569E-8
6093.75,2.04092883448764E-8
6097.65625,2.04943457300617E-8
6101.5625,2.04077218601945E-8
6105.46875,2.0148149806652E-8
6109.375,1.98737655594533E-8
6113.28125,1.94407670694556E-8
6117.1875,1.86303493974615E-8
6121.09375,1.83724297318998E-8
6125,1.87692869751027E-8
6128.90625,1.86899485967361E-8
6132.8125,1.85291568870544E-8
6136.71875,1.90930082362106E-8
6140.625,1.97924722610845E-8
6144.53125,1.99357480154886E-8
6148.4375,1.9548707758907E-8
6152.34375,1.93576196213575E-8
6156.25,1.99059838243115E-8
6160.15625,2.06754191634758E-8
6164.0625,2.08769051936741E-8
6167.96875,2.02012301181753E-8
6171.875,1.89687166449395E-8
6175.78125,1.82520541466275E-8
6179.6875,1.82112356254113E-8
6183.59375,1.82106837450751E-8
6187.5,1.84031876913756E-8
6191.40625,1.90342829713417E-8
6195.3125,1.94937160963638E-8
6199.21875,1.93326514322199E-8
6203.125,1.89774361430377E-8
6207.03125,1.95118870518902E-8
6210.9375,2.02019578031176E-8
6214.84375,1.98343389823642E-8
6218.75,1.91081191263734E-8
6222.65625,1.86545217154846E-8
6226.5625,1.84689180096668E-8
6230.46875,1.86903177854242E-8
6234.375,1.90109377549725E-8
6238.28125,1.92002408591492E-8
6242.1875,1.93214430681725E-8
6246.09375,1.98187855648278E-8
6250,2.06400225464229E-8
6253.90625,2.04321737929617E-8
6257.8125,1.92070454152831E-8
6261.71875,1.86932168670265E-8
6265.625,1.93507139457242E-8
6269.53125,1.96212780308878E-8
6273.4375,1.91561701168016E-8
6277.34375,1.83725215837253E-8
6281.25,1.79024576613366E-8
6285.15625,1.84041087292108E-8
6289.0625,1.90867465685555E-8
6292.96875,1.92703988466019E-8
6296.875,1.88031105874708E-8
6300.78125,1.83860922376996E-8
6304.6875,1.86013229255047E-8
6308.59375,1.90255451769617E-8
6312.5,1.94893544702853E-8
6316.40625,1.97600850509637E-8
6320.3125,1.98035588979187E-8
6324.21875,2.00062565151659E-8
6328.125,1.96634034087407E-8
6332.03125,1.88033279763114E-8
6335.9375,1.86529556333746E-8
6339.84375,1.9010693150779E-8
6343.75,1.91521124646695E-8
6347.65625,1.93757159551398E-8
6351.5625,1.99666135609419E-8
6355.46875,1.99656209150859E-8
6359.375,1.95627775343117E-8
6363.28125,1.99841884622165E-8
6367.1875,2.05358014256195E-8
6371.09375,2.04069344380261E-8
6375,1.9811910027289E-8
6378.90625,1.91915405206949E-8
6382.8125,1.94250587595948E-8
6386.71875,2.00142363918228E-8
6390.625,1.98345573583212E-8
6394.53125,1.90947856844546E-8
6398.4375,1.8872110050155E-8
6402.34375,1.87704847370595E-8
6406.25,1.88681811193736E-8
6410.15625,1.95589777558849E-8
6414.0625,1.99435238808203E-8
6417.96875,1.9648006700963E-8
6421.875,1.9607439581737E-8
6425.78125,1.9842988046298E-8
6429.6875,1.94430489285342E-8
6433.59375,1.86716656370041E-8
6437.5,1.81028035675078E-8
6441.40625,1.8099980849515E-8
6445.3125,1.87834234857399E-8
6449.21875,1.94667380151522E-8
6453.125,1.94539944638254E-8
6457.03125,1.90986473815747E-8
6460.9375,1.92512977328585E-8
6464.84375,1.91701954349564E-8
6468.75,1.87108915376755E-8
6472.65625,1.8752949222749E-8
6476.5625,1.88744139666973E-8
6480.46875,1.87422585688106E-8
6484.375,1.83252316527379E-8
6488.28125,1.8151419901804E-8
6492.1875,1.86440320853907E-8
6496.09375,1.91264976005598E-8
6500,1.93360961671574E-8
6503.90625,1.96246415284188E-8
6507.8125,2.00953127840803E-8
6511.71875,2.01665855597603E-8
6515.625,1.94282593446069E-8
6519.53125,1.85050133308488E-8
6523.4375,1.78906016917298E-8
6527.34375,1.79131627759412E-8
6531.25,1.89057050757339E-8
6535.15625,1.99929049383506E-8
6539.0625,2.02132836620191E-8
6542.96875,1.92226743652737E-8
6546.875,1.8536674120399E-8
6550.78125,1.87553307610316E-8
6554.6875,1.8551525605023E-8
6558.59375,1.80977814140182E-8
6562.5,1.77956086615435E-8
6566.40625,1.80923899570235E-8
6570.3125,1.90272293964701E-8
6574.21875,1.969814192822E-8
6578.125,2.02129608432295E-8
6582.03125,2.01236676972609E-8
6585.9375,1.92400263830362E-8
6589.84375,1.86221107936107E-8
6593.75,1.88048805382159E-8
6597.65625,1.94139530029851E-8
6601.5625,1.97712069195846E-8
6605.46875,1.93691390984347E-8
6609.375,1.90556769801065E-8
6613.28125,1.93044818526728E-8
6617.1875,1.9214783412474E-8
6621.09375,1.87359026963642E-8
6625,1.87008877345319E-8
6628.90625,1.94859666584412E-8
6632.8125,2.03751530857212E-8
6636.71875,2.04326454827731E-8
6640.625,1.95605153938868E-8
6644.53125,1.9033769731904E-8
6648.4375,1.96317956432746E-8
6652.34375,2.02142140562972E-8
6656.25,2.00460249832561E-8
6660.15625,1.9780097826436E-8
6664.0625,1.99365201894885E-8
6667.96875,1.99531104738341E-8
6671.875,1.94906522859109E-8
6675.78125,1.92709427577232E-8
6679.6875,1.95196031448706E-8
6683.59375,1.98427177905851E-8
6687.5,2.0040955557525E-8
6691.40625,2.00399647227634E-8
6695.3125,1.99146921605347E-8
6699.21875,1.99664276196846E-8
6703.125,2.00159685679804E-8
6707.03125,1.94257469877867E-8
6710.9375,1.86270539905348E-8
6714.84375,1.87146140324896E-8
6718.75,1.9239722318811E-8
6722.65625,1.92163690828619E-8
6726.5625,1.89243237229654E-8
6730.46875,1.89108587102001E-8
6734.375,1.92467184775319E-8
6738.28125,1.95357796476303E-8
6742.1875,1.96810690087067E-8
6746.09375,1.96951594246263E-8
6750,1.9272793302777E-8
6753.90625,1.86590614044096E-8
6757.8125,1.86526801984067E-8
6761.71875,1.90182418824931E-8
6765.625,1.91343593062754E-8
6769.53125,1.89669076105877E-8
6773.4375,1.89327378354671E-8
6777.34375,1.98443477735661E-8
6781.25,2.09668377269629E-8
6785.15625,2.10076752143908E-8
6789.0625,2.02187782118923E-8
6792.96875,1.96961076298576E-8
6796.875,1.9659150963696E-8
6800.78125,1.92862661802787E-8
6804.6875,1.88634551833216E-8
6808.59375,1.88483640174042E-8
6812.5,1.90151468212082E-8
6816.40625,1.92573384236053E-8
6820.3125,1.92285768028478E-8
6824.21875,1.89083470218847E-8
6828.125,1.88219751719101E-8
6832.03125,1.94813790400336E-8
6835.9375,2.01313448981757E-8
6839.84375,2.01236490619765E-8
6843.75,1.97374273179139E-8
6847.65625,1.9433054409373E-8
6851.5625,1.93919622067827E-8
6855.46875,1.9381638538926E-8
6859.375,1.90881984761356E-8
6863.28125,1.88219333313451E-8
6867.1875,1.82845180412773E-8
6871.09375,1.79692620835367E-8
6875,1.83256051194766E-8
6878.90625,1.88872636490453E-8
6882.8125,1.97852454623673E-8
6886.71875,2.00374270641657E-8
6890.625,1.94171061695152E-8
6894.53125,1.8917937833342E-8
6898.4375,1.88375304284251E-8
6902.34375,1.89760557981042E-8
6906.25,1.91788243102256E-8
6910.15625,1.95356318373709E-8
6914.0625,1.96393901562161E-8
6917.96875,1.88641241416768E-8
6921.875,1.8121732890731E-8
6925.78125,1.84059170488331E-8
6929.6875,1.91194221455426E-8
6933.59375,1.9910880436643E-8
6937.5,2.03371872233317E-8
6941.40625,1.978678826009E-8
6945.3125,1.92050987128873E-8
6949.21875,1.91159677919771E-8
6953.125,1.90110176451764E-8
6957.03125,1.88918962880918E-8
6960.9375,1.86676814616942E-8
6964.84375,1.86022482648107E-8
6968.75,1.89442256679993E-8
6972.65625,1.941507332907E-8
6976.5625,2.01969637234828E-8
6980.46875,2.09515746316412E-8
6984.375,2.07447116116051E-8
6988.28125,2.01488849921979E-8
6992.1875,2.06491404990982E-8
6996.09375,2.29574427048339E-8
7000,2.45253759856837E-8
7003.90625,2.29141868638312E-8
7007.8125,2.04759486743054E-8
7011.71875,1.93919138606485E-8
7015.625,1.95688073527469E-8
7019.53125,2.01943130179137E-8
7023.4375,2.00355573003279E-8
7027.34375,1.97225713675724E-8
7031.25,2.01841470519609E-8
7035.15625,2.04159443342538E-8
7039.0625,2.01489361750029E-8
7042.96875,1.99809915308006E-8
7046.875,1.96009414338376E-8
7050.78125,1.90403304706513E-8
7054.6875,1.8632121670633E-8
7058.59375,1.82583484126526E-8
7062.5,1.81073863097615E-8
7066.40625,1.85032471235533E-8
7070.3125,1.94381126005229E-8
7074.21875,2.00651358272277E-8
7078.125,1.97794333037046E-8
7082.03125,1.97359718682242E-8
7085.9375,2.04549043856219E-8
7089.84375,2.06451092603116E-8
7093.75,1.99028732518772E-8
7097.65625,1.88341786851129E-8
7101.5625,1.84154823963429E-8
7105.46875,1.9187369172135E-8
7109.375,1.99605282508068E-8
7113.28125,1.98041108892041E-8
7117.1875,1.97061504718573E-8
7121.09375,1.985943081207E-8
7125,1.94793317301748E-8
7128.90625,1.88641301055376E-8
7132.8125,1.87325387749393E-8
7136.71875,1.92751232579558E-8
7140.625,1.98901395178501E-8
7144.53125,2.02440919148017E-8
7148.4375,2.04834425787214E-8
7152.34375,2.0519969181125E-8
7156.25,2.00338820383786E-8
7160.15625,1.91767828327539E-8
7164.0625,1.84738991526302E-8
7167.96875,1.88351284228659E-8
7171.875,1.95406001446124E-8
7175.78125,1.94542228921591E-8
7179.6875,1.8893741284794E-8
7183.59375,1.85163078023437E-8
7187.5,1.87735472236708E-8
7191.40625,1.92500889776213E-8
7195.3125,1.99692897963134E-8
7199.21875,2.06593281517194E-8
7203.125,2.00550689326284E-8
7207.03125,1.91723892037167E-8
7210.9375,1.91401714216506E-8
7214.84375,1.91280151094401E-8
7218.75,1.92272856775574E-8
7222.65625,1.97519521837886E-8
7226.5625,2.02166877877217E-8
7230.46875,1.99396744118814E-8
7234.375,1.92023960426133E-8
7238.28125,1.90974181642912E-8
7242.1875,1.93877208253445E-8
7246.09375,1.95326245195684E-8
7250,1.96880635725924E-8
7253.90625,1.9955594021457E-8
7257.8125,1.99036099607519E-8
7261.71875,1.95109750619408E-8
7265.625,1.8837250724513E-8
7269.53125,1.79460756827013E-8
7273.4375,1.77135993798943E-8
7277.34375,1.81490965252042E-8
7281.25,1.87556926643925E-8
7285.15625,1.92033812724735E-8
7289.0625,1.90736734438469E-8
7292.96875,1.85420850458315E-8
7296.875,1.85847618494408E-8
7300.78125,1.91695841082551E-8
7304.6875,1.95769837392088E-8
7308.59375,1.96034504677295E-8
7312.5,1.98726041013598E-8
7316.40625,2.03448409932091E-8
7320.3125,2.00877814290959E-8
7324.21875,1.98599434850044E-8
7328.125,2.03480747512239E-8
7332.03125,2.0913960341196E-8
7335.9375,2.11792873536584E-8
7339.84375,2.08041372403667E-8
7343.75,1.98593439490462E-8
7347.65625,1.91326404160778E-8
7351.5625,1.88463126115145E-8
7355.46875,1.87199775317726E-8
7359.375,1.87094434223974E-8
7363.28125,1.87743622044312E-8
7367.1875,1.8706112833008E-8
7371.09375,1.86658884560385E-8
7375,1.90761407568833E-8
7378.90625,1.98140753314202E-8
7382.8125,1.98251309714853E-8
7386.71875,1.91026584780931E-8
7390.625,1.85447171176767E-8
7394.53125,1.824650480555E-8
7398.4375,1.78019600387499E-8
7402.34375,1.73392169219237E-8
7406.25,1.75948793018685E-8
7410.15625,1.82577014194506E-8
7414.0625,1.85871235769211E-8
7417.96875,1.88352249868106E-8
7421.875,1.90704251475164E-8
7425.78125,1.9150646799732E-8
7429.6875,1.94269940376223E-8
7433.59375,2.0075184597497E-8
7437.5,2.04570648751083E-8
7441.40625,2.03738968876494E-8
7445.3125,2.01253224417077E-8
7449.21875,1.97148576753598E-8
7453.125,1.9141927838132E-8
7457.03125,1.91877805822562E-8
7460.9375,1.98014246393501E-8
7464.84375,2.01246115518395E-8
7468.75,2.01191882101882E-8
7472.65625,1.9851084561232E-8
7476.5625,1.93344301248107E-8
7480.46875,1.86905856433042E-8
7484.375,1.83473819520362E-8
7488.28125,1.86139501377141E-8
7492.1875,1.90797910084417E-8
7496.09375,1.94173446883856E-8
7500,1.93607529081642E-8
7503.90625,1.86994679237157E-8
7507.8125,1.81809749012104E-8
7511.71875,1.87321674154399E-8
7515.625,1.94014540857598E-8
7519.53125,1.93321994591736E-8
7523.4375,1.94622094507479E-8
7527.34375,1.94202636516444E-8
7531.25,1.90397425489139E-8
7535.15625,1.93803827656528E-8
7539.0625,1.95348927692977E-8
7542.96875,1.93541825924878E-8
7546.875,1.96174389258671E-8
7550.78125,1.97073093711213E-8
7554.6875,1.91904403654722E-8
7558.59375,1.88962668219407E-8
7562.5,1.9265427040412E-8
7566.40625,1.94237729720314E-8
7570.3125,1.92607226414376E-8
7574.21875,1.90709521484412E-8
7578.125,1.91642026139898E-8
7582.03125,1.96189117706821E-8
7585.9375,1.98736476240755E-8
7589.84375,1.97406874397685E-8
7593.75,1.9730627965317E-8
7597.65625,1.97330967546532E-8
7601.5625,1.96884530918845E-8
7605.46875,1.98535015385339E-8
7609.375,1.98904213842088E-8
7613.28125,1.93459847328263E-8
7617.1875,1.88749971040753E-8
7621.09375,1.93358867075575E-8
7625,1.99565636769221E-8
7628.90625,2.00633564949376E-8
7632.8125,1.98314620564228E-8
7636.71875,1.92052930014786E-8
7640.625,1.89057705338148E-8
7644.53125,1.92406880959439E-8
7648.4375,1.93029461612498E-8
7652.34375,1.91955800702108E-8
7656.25,1.92542564765848E-8
7660.15625,1.94522912870107E-8
7664.0625,1.95460228618888E-8
7667.96875,1.94361716765272E-8
7671.875,1.94198629598776E-8
7675.78125,1.90748599565242E-8
7679.6875,1.89025281027992E-8
7683.59375,1.91623190764247E-8
7687.5,1.90401029854991E-8
7691.40625,1.85163189414699E-8
7695.3125,1.82885559565898E-8
7699.21875,1.86211411287638E-8
7703.125,1.89015678635368E-8
7707.03125,1.86093944061653E-8
7710.9375,1.84218775707546E-8
7714.84375,1.86446676837937E-8
7718.75,1.88696647495581E-8
7722.65625,1.92540490482153E-8
7726.5625,1.94118705699778E-8
7730.46875,1.90932979421005E-8
7734.375,1.91176842580523E-8
7738.28125,1.96601981862302E-8
7742.1875,1.99426936844909E-8
7746.09375,1.98573743224184E-8
7750,1.94008094539504E-8
7753.90625,1.90188058215668E-8
7757.8125,1.90585598387726E-8
7761.71875,1.89762721938175E-8
7765.625,1.90935306856819E-8
7769.53125,1.9162924764023E-8
7773.4375,1.8839165767106E-8
7777.34375,1.92363431791211E-8
7781.25,1.98894918699799E-8
7785.15625,1.97215740444314E-8
7789.0625,1.89198546193838E-8
7792.96875,1.83563465414963E-8
7796.875,1.86761248561739E-8
7800.78125,1.90065373574445E-8
7804.6875,1.9249818190458E-8
7808.59375,1.97755670639009E-8
7812.5,2.00190456448523E-8
7816.40625,1.96072559721558E-8
7820.3125,1.88741745473269E-8
7824.21875,1.86657116573571E-8
7828.125,1.9046027545731E-8
7832.03125,1.93606299107952E-8
7835.9375,1.95105377913665E-8
7839.84375,1.99140114145536E-8
7843.75,2.02891746172001E-8
7847.65625,2.03840786046368E-8
7851.5625,2.02001218333478E-8
7855.46875,1.96213573472681E-8
7859.375,1.91694442339653E-8
7863.28125,1.89287204494091E-8
7867.1875,1.85868239638704E-8
7871.09375,1.86351284129126E-8
7875,1.91353686168169E-8
7878.90625,1.94106138545945E-8
7882.8125,1.91028243618914E-8
7886.71875,1.83901782024639E-8
7890.625,1.79620032375445E-8
7894.53125,1.84251252086187E-8
7898.4375,1.85536197106001E-8
7902.34375,1.76148978955857E-8
7906.25,1.70887179171749E-8
7910.15625,1.80182647555168E-8
7914.0625,1.92314522680976E-8
7917.96875,1.99370656780633E-8
7921.875,2.03202655158843E-8
7925.78125,2.05200294897681E-8
7929.6875,2.09139917205791E-8
7933.59375,2.10321597945352E-8
7937.5,2.03257597434334E-8
7941.40625,1.88616609059484E-8
7945.3125,1.79196964103707E-8
7949.21875,1.8388994416398E-8
7953.125,1.89809591739473E-8
7957.03125,1.87013720097528E-8
7960.9375,1.7953347234891E-8
7964.84375,1.77529982498149E-8
7968.75,1.86418435301969E-8
7972.65625,1.95715676842039E-8
7976.5625,1.99428497602779E-8
7980.46875,2.00102768367031E-8
7984.375,1.95785008089062E-8
7988.28125,1.91661730364526E-8
7992.1875,1.97445434156711E-8
7996.09375,2.18775403587266E-8
8000,2.32214615982184E-8
8003.90625,2.14738460348417E-8
8007.8125,1.94408664120921E-8
8011.71875,1.94250954399733E-8
8015.625,1.95608000928978E-8
8019.53125,1.90328939420592E-8
8023.4375,1.90413388569546E-8
8027.34375,1.93693181888593E-8
8031.25,1.92077990504925E-8
8035.15625,1.89220258833587E-8
8039.0625,1.90811982425491E-8
8042.96875,1.93457986417961E-8
8046.875,1.92091637187938E-8
8050.78125,1.90903162163671E-8
8054.6875,1.91710258299214E-8
8058.59375,1.95348898897571E-8
8062.5,1.95817002529702E-8
8066.40625,1.91029274250643E-8
8070.3125,1.87743342399912E-8
8074.21875,1.90176187695251E-8
8078.125,1.90693534029511E-8
8082.03125,1.84849752751137E-8
8085.9375,1.81190083284078E-8
8089.84375,1.86934746528603E-8
8093.75,1.94104805471905E-8
8097.65625,1.96452571098634E-8
8101.5625,1.95656987591553E-8
8105.46875,1.94105133911286E-8
8109.375,1.89389603275999E-8
8113.28125,1.83584792523618E-8
8117.1875,1.84653775056881E-8
8121.09375,1.92802481682315E-8
8125,1.97559321927269E-8
8128.90625,1.9981651227154E-8
8132.8125,2.01666701696388E-8
8136.71875,2.04170537609827E-8
8140.625,2.07966299651809E-8
8144.53125,2.1129931533118E-8
8148.4375,2.12540139895857E-8
8152.34375,2.08592752308823E-8
8156.25,1.97674728172955E-8
8160.15625,1.87513693621545E-8
8164.0625,1.87515803512386E-8
8167.96875,1.90434647620894E-8
8171.875,1.89687789200994E-8
8175.78125,1.93864934947093E-8
8179.6875,1.98507057897789E-8
8183.59375,1.9763562493165E-8
8187.5,1.98859845894175E-8
8191.40625,2.0088711102224E-8
8195.3125,1.97727735718783E-8
8199.21875,1.94874167255499E-8
8203.125,1.96588695965861E-8
8207.03125,1.98641331224863E-8
8210.9375,1.97381958508533E-8
8214.84375,1.97991888183421E-8
8218.75,1.97792275910014E-8
8222.65625,1.9418634763966E-8
8226.5625,1.93764281929687E-8
8230.46875,1.98416433459773E-8
8234.375,2.02799974512977E-8
8238.28125,2.02458451753928E-8
8242.1875,2.05433373877307E-8
8246.09375,2.11985626823702E-8
8250,2.08210250165457E-8
8253.90625,1.96976869185634E-8
8257.8125,1.87928206331664E-8
8261.71875,1.83526504815798E-8
8265.625,1.81815318085025E-8
8269.53125,1.81617036509379E-8
8273.4375,1.80517287203633E-8
8277.34375,1.81580371576791E-8
8281.25,1.83915546020787E-8
8285.15625,1.84416567954219E-8
8289.0625,1.80708453975746E-8
8292.96875,1.74734604263995E-8
8296.875,1.73340086925714E-8
8300.78125,1.7817360803122E-8
8304.6875,1.84534076671841E-8
8308.59375,1.8669943316163E-8
8312.5,1.87763545635777E-8
8316.40625,1.91049758129697E-8
8320.3125,1.91637319915634E-8
8324.21875,1.91674594740871E-8
8328.125,1.93895573239461E-8
8332.03125,1.94879199419339E-8
8335.9375,1.94599587447281E-8
8339.84375,1.9376624634394E-8
8343.75,1.93140283738231E-8
8347.65625,1.93437980501568E-8
8351.5625,1.9271449680743E-8
8355.46875,1.93214304523115E-8
8359.375,1.89929331832549E-8
8363.28125,1.82990362259804E-8
8367.1875,1.8351843337973E-8
8371.09375,1.88743195901297E-8
8375,1.92238107156061E-8
8378.90625,1.92912228960258E-8
8382.8125,1.9238851031245E-8
8386.71875,1.94298131176459E-8
8390.625,1.96978868194978E-8
8394.53125,1.96301814426967E-8
8398.4375,1.9390511770322E-8
8402.34375,1.94777578407684E-8
8406.25,1.93368156823875E-8
8410.15625,1.8414545635482E-8
8414.0625,1.7937420356571E-8
8417.96875,1.8567307439251E-8
8421.875,1.92189351521834E-8
8425.78125,1.95007893986555E-8
8429.6875,1.98493370516387E-8
8433.59375,2.0042861303095E-8
8437.5,1.94148019456674E-8
8441.40625,1.81203525522074E-8
8445.3125,1.77308784533791E-8
8449.21875,1.84147584472955E-8
8453.125,1.89480646129372E-8
8457.03125,1.87971124562618E-8
8460.9375,1.8188194809468E-8
8464.84375,1.79208431873697E-8
8468.75,1.83334880962247E-8
8472.65625,1.87419344234544E-8
8476.5625,1.88381326238194E-8
8480.46875,1.865419403524E-8
8484.375,1.88941521417256E-8
8488.28125,1.976052439053E-8
8492.1875,2.02227386669904E-8
8496.09375,1.99660698187568E-8
8500,1.9225618008275E-8
8503.90625,1.89742929209962E-8
8507.8125,1.96414904711694E-8
8511.71875,2.03758119835603E-8
8515.625,2.07145718929977E-8
8519.53125,2.05207248538935E-8
8523.4375,2.01706380672419E-8
8527.34375,2.03653664964142E-8
8531.25,2.06524991123531E-8
8535.15625,2.0062290128275E-8
8539.0625,1.86420688345065E-8
8542.96875,1.77602591140853E-8
8546.875,1.85148758624966E-8
8550.78125,1.95032680536693E-8
8554.6875,1.93592613912906E-8
8558.59375,1.86274556305766E-8
8562.5,1.84784761128867E-8
8566.40625,1.87307549809297E-8
8570.3125,1.86742473142983E-8
8574.21875,1.87035245265331E-8
8578.125,1.88358700610816E-8
8582.03125,1.87212916251676E-8
8585.9375,1.87693009610879E-8
8589.84375,1.9086606087199E-8
8593.75,1.91145562509621E-8
8597.65625,1.87422245538204E-8
8601.5625,1.85325850427121E-8
8605.46875,1.88858628138643E-8
8609.375,1.94053484820615E-8
8613.28125,1.98012901752514E-8
8617.1875,2.00980903668828E-8
8621.09375,2.01879127526302E-8
8625,2.00050418255566E-8
8628.90625,1.98771910409321E-8
8632.8125,2.00481809014257E-8
8636.71875,2.02211530943983E-8
8640.625,2.00705887222249E-8
8644.53125,1.96735001158104E-8
8648.4375,1.920139123185E-8
8652.34375,1.87324767153736E-8
8656.25,1.87756595089108E-8
8660.15625,1.93961717260075E-8
8664.0625,1.98161419919218E-8
8667.96875,1.98863796608016E-8
8671.875,1.99273791542263E-8
8675.78125,1.96268838583282E-8
8679.6875,1.91047029689946E-8
8683.59375,1.89585600926371E-8
8687.5,1.88757689634954E-8
8691.40625,1.88855550331768E-8
8695.3125,1.93817265754485E-8
8699.21875,2.00488178116261E-8
8703.125,2.05930911624059E-8
8707.03125,2.08125022087077E-8
8710.9375,2.03739870788097E-8
8714.84375,1.95385561611223E-8
8718.75,1.95843591955579E-8
8722.65625,2.05200651266102E-8
8726.5625,2.07001527200753E-8
8730.46875,1.99351131362635E-8
8734.375,1.92895520059116E-8
8738.28125,1.947731308567E-8
8742.1875,1.99545679393668E-8
8746.09375,1.99987881934808E-8
8750,1.96312970700441E-8
8753.90625,1.93624641369539E-8
8757.8125,1.94339247088242E-8
8761.71875,1.98306356784902E-8
8765.625,2.02079462858904E-8
8769.53125,2.00541171300253E-8
8773.4375,1.93359526487874E-8
8777.34375,1.84111535515434E-8
8781.25,1.78488830534095E-8
8785.15625,1.81194367523623E-8
8789.0625,1.88520762755761E-8
8792.96875,1.96228585643162E-8
8796.875,1.99367148741926E-8
8800.78125,1.95982531684831E-8
8804.6875,1.91789230543444E-8
8808.59375,1.9386492527515E-8
8812.5,1.99342459055978E-8
8816.40625,1.98338020130766E-8
8820.3125,1.95670442160125E-8
8824.21875,1.9965096868325E-8
8828.125,2.04325693157003E-8
8832.03125,2.06658954436139E-8
8835.9375,2.05103312271851E-8
8839.84375,2.003211022625E-8
8843.75,1.97588969823062E-8
8847.65625,1.96544349097673E-8
8851.5625,1.92209477645221E-8
8855.46875,1.87305587732389E-8
8859.375,1.928670659117E-8
8863.28125,2.026560308536E-8
8867.1875,2.01273934757306E-8
8871.09375,1.96169677068712E-8
8875,1.97598383333174E-8
8878.90625,1.9882593630115E-8
8882.8125,1.95643589601778E-8
8886.71875,1.9147539845757E-8
8890.625,1.86043013860253E-8
8894.53125,1.81489456865623E-8
8898.4375,1.85314214836423E-8
8902.34375,1.9361064756259E-8
8906.25,1.94645995774231E-8
8910.15625,1.89224420716381E-8
8914.0625,1.90314309186284E-8
8917.96875,1.95791166060542E-8
8921.875,1.94453835544955E-8
8925.78125,1.86544121543256E-8
8929.6875,1.83771921540007E-8
8933.59375,1.90669786350284E-8
8937.5,1.98634327083409E-8
8941.40625,2.03006079130688E-8
8945.3125,2.02392638747875E-8
8949.21875,1.99578461430349E-8
8953.125,1.99530052239747E-8
8957.03125,1.96168080824541E-8
8960.9375,1.88990142626901E-8
8964.84375,1.85862761739874E-8
8968.75,1.89847946415823E-8
8972.65625,1.96003665013184E-8
8976.5625,1.98246930636803E-8
8980.46875,1.98388402552847E-8
8984.375,1.98356104449837E-8
8988.28125,1.95457341103785E-8
8992.1875,1.92524343415912E-8
8996.09375,1.93542455649652E-8
9000,1.94909014489262E-8
9003.90625,2.00463748095981E-8
9007.8125,2.09520713201707E-8
9011.71875,2.11412693444842E-8
9015.625,2.05184641489471E-8
9019.53125,1.98998658401979E-8
9023.4375,1.96603317078625E-8
9027.34375,1.93323303966583E-8
9031.25,1.84140874198794E-8
9035.15625,1.81228213594083E-8
9039.0625,1.88005286534977E-8
9042.96875,1.9005169978738E-8
9046.875,1.88048556104888E-8
9050.78125,1.83507735625648E-8
9054.6875,1.78578857905398E-8
9058.59375,1.77210922388788E-8
9062.5,1.82294557894072E-8
9066.40625,1.93962287619098E-8
9070.3125,2.03856358686488E-8
9074.21875,2.06652140378034E-8
9078.125,2.043058336554E-8
9082.03125,2.01279840959527E-8
9085.9375,1.99534534717554E-8
9089.84375,1.99661759388609E-8
9093.75,1.98506472259665E-8
9097.65625,1.95412353672928E-8
9101.5625,1.96056158415464E-8
9105.46875,1.98284589438785E-8
9109.375,1.97471908763724E-8
9113.28125,1.98455911951944E-8
9117.1875,2.02655484962482E-8
9121.09375,2.0584800082401E-8
9125,2.06128400646279E-8
9128.90625,1.98237283082526E-8
9132.8125,1.88115958615093E-8
9136.71875,1.83852253702558E-8
9140.625,1.8077233875782E-8
9144.53125,1.83369835094265E-8
9148.4375,1.88416458759908E-8
9152.34375,1.88501714970154E-8
9156.25,1.91035664043255E-8
9160.15625,1.9922101653562E-8
9164.0625,1.99209524260821E-8
9167.96875,1.93217924272067E-8
9171.875,1.93988300008268E-8
9175.78125,1.94497550410961E-8
9179.6875,1.87330522599093E-8
9183.59375,1.82585250480824E-8
9187.5,1.81688713605071E-8
9191.40625,1.81259456877096E-8
9195.3125,1.85413073856867E-8
9199.21875,1.873458462358E-8
9203.125,1.8666193831635E-8
9207.03125,1.91210019953404E-8
9210.9375,1.97610282431049E-8
9214.84375,1.94317527468779E-8
9218.75,1.85156050111931E-8
9222.65625,1.88411293794267E-8
9226.5625,2.01887755880752E-8
9230.46875,2.04949614559948E-8
9234.375,1.95386972316409E-8
9238.28125,1.85630513733468E-8
9242.1875,1.81847058543963E-8
9246.09375,1.81858864416015E-8
9250,1.83152966895712E-8
9253.90625,1.83530489317919E-8
9257.8125,1.82230887785243E-8
9261.71875,1.82515065825631E-8
9265.625,1.90287134359169E-8
9269.53125,1.98143582798193E-8
9273.4375,1.98618675427309E-8
9277.34375,1.96188420018132E-8
9281.25,1.94521071769074E-8
9285.15625,1.94145595323741E-8
9289.0625,1.90659981580333E-8
9292.96875,1.85340742917305E-8
9296.875,1.83718071685336E-8
9300.78125,1.87559186005191E-8
9304.6875,1.91368481894446E-8
9308.59375,1.92627201802326E-8
9312.5,1.93745265757269E-8
9316.40625,1.93851770986606E-8
9320.3125,1.93853686151779E-8
9324.21875,1.91437046621478E-8
9328.125,1.88706246249539E-8
9332.03125,1.93145118376725E-8
9335.9375,1.96025073458813E-8
9339.84375,1.88526551309805E-8
9343.75,1.79642370410199E-8
9347.65625,1.81758557115794E-8
9351.5625,1.87967004757861E-8
9355.46875,1.89212499650535E-8
9359.375,1.88599499706013E-8
9363.28125,1.8740246576019E-8
9367.1875,1.85501277186343E-8
9371.09375,1.86153925871831E-8
9375,1.89864646996265E-8
9378.90625,1.92080011212274E-8
9382.8125,1.91563776262075E-8
9386.71875,1.91589448797645E-8
9390.625,1.94327157346395E-8
9394.53125,1.94940287030088E-8
9398.4375,1.91242181700865E-8
9402.34375,1.89444642020665E-8
9406.25,1.87750313411072E-8
9410.15625,1.84401885538726E-8
9414.0625,1.81729370353886E-8
9417.96875,1.83168793572417E-8
9421.875,1.89050534579348E-8
9425.78125,1.92605795349461E-8
9429.6875,1.92795829503149E-8
9433.59375,1.90967779974421E-8
9437.5,1.86944245178383E-8
9441.40625,1.84179513474795E-8
9445.3125,1.88016286864861E-8
9449.21875,1.9186379210918E-8
9453.125,1.87317960485783E-8
9457.03125,1.84034597283647E-8
9460.9375,1.86804846438142E-8
9464.84375,1.90511333785989E-8
9468.75,1.94108505212809E-8
9472.65625,1.99654218165031E-8
9476.5625,2.04643302188938E-8
9480.46875,2.04435344524077E-8
9484.375,1.99649512973391E-8
9488.28125,1.97307923708197E-8
9492.1875,1.97976867654595E-8
9496.09375,1.96528884005847E-8
9500,1.93852196580502E-8
9503.90625,1.90583709412491E-8
9507.8125,1.84492096812012E-8
9511.71875,1.81276659074644E-8
9515.625,1.83751830460897E-8
9519.53125,1.85947666162806E-8
9523.4375,1.86989294503176E-8
9527.34375,1.92723652219279E-8
9531.25,1.99320588494437E-8
9535.15625,1.99296504583822E-8
9539.0625,1.9629188022516E-8
9542.96875,1.93899953887541E-8
9546.875,1.91281562669365E-8
9550.78125,1.90738012408053E-8
9554.6875,1.88726068217914E-8
9558.59375,1.85417796487276E-8
9562.5,1.87510633737671E-8
9566.40625,1.95076390643154E-8
9570.3125,1.98947195869869E-8
9574.21875,1.99763702304249E-8
9578.125,2.02261300768645E-8
9582.03125,2.01525986651311E-8
9585.9375,1.94082364017889E-8
9589.84375,1.89912804785152E-8
9593.75,1.93614114634617E-8
9597.65625,1.97396615853551E-8
9601.5625,1.9819672984476E-8
9605.46875,1.95600658102424E-8
9609.375,1.88291235621148E-8
9613.28125,1.83774574337023E-8
9617.1875,1.8534859336795E-8
9621.09375,1.86365370275457E-8
9625,1.85594661886246E-8
9628.90625,1.85602744056849E-8
9632.8125,1.90944007483743E-8
9636.71875,1.98206946977611E-8
9640.625,1.98734183556983E-8
9644.53125,1.97296424539034E-8
9648.4375,1.98692108584895E-8
9652.34375,1.9623367862659E-8
9656.25,1.89793459322099E-8
9660.15625,1.91515436394253E-8
9664.0625,1.94874051793236E-8
9667.96875,1.90317461924431E-8
9671.875,1.87985518232151E-8
9675.78125,1.93177666517778E-8
9679.6875,2.00604675474551E-8
9683.59375,2.01038383801726E-8
9687.5,1.93020990989011E-8
9691.40625,1.87043215064647E-8
9695.3125,1.8697144455531E-8
9699.21875,1.88272901597347E-8
9703.125,1.89637517671518E-8
9707.03125,1.92054003963388E-8
9710.9375,1.95309973224947E-8
9714.84375,1.97720500063726E-8
9718.75,1.95612889603209E-8
9722.65625,1.92865665940962E-8
9726.5625,1.9644810420062E-8
9730.46875,2.00324874397432E-8
9734.375,1.96624336003503E-8
9738.28125,1.8947759821813E-8
9742.1875,1.89416154537557E-8
9746.09375,1.97097030720673E-8
9750,1.97848294170797E-8
9753.90625,1.86575419326105E-8
9757.8125,1.77413668651554E-8
9761.71875,1.8106291735302E-8
9765.625,1.92102579214102E-8
9769.53125,1.98762222301152E-8
9773.4375,1.96120589008013E-8
9777.34375,1.9225438554539E-8
9781.25,1.95303137632889E-8
9785.15625,1.9918492800017E-8
9789.0625,1.98095949342759E-8
9792.96875,1.93434529659484E-8
9796.875,1.88582408686018E-8
9800.78125,1.87179130570006E-8
9804.6875,1.88565932629788E-8
9808.59375,1.87724135825307E-8
9812.5,1.88051367933344E-8
9816.40625,1.9890924774391E-8
9820.3125,2.10034556833224E-8
9824.21875,2.09366622275261E-8
9828.125,2.05396523692751E-8
9832.03125,2.04031843479887E-8
9835.9375,2.00355657230788E-8
9839.84375,1.95881234187989E-8
9843.75,1.96535352588356E-8
9847.65625,1.99432314826581E-8
9851.5625,1.95894989221468E-8
9855.46875,1.91127423805318E-8
9859.375,1.91828645826133E-8
9863.28125,1.90949918970199E-8
9867.1875,1.85342574044419E-8
9871.09375,1.84793446939734E-8
9875,1.92838413097287E-8
9878.90625,1.97097953512202E-8
9882.8125,1.96713393549649E-8
9886.71875,1.95525594001761E-8
9890.625,1.94230981890984E-8
9894.53125,1.94164137722287E-8
9898.4375,1.90945136768553E-8
9902.34375,1.86353397118954E-8
9906.25,1.87267463301416E-8
9910.15625,1.89110223103808E-8
9914.0625,1.88727349867516E-8
9917.96875,1.87382573822394E-8
9921.875,1.87090936531828E-8
9925.78125,1.87754767531961E-8
9929.6875,1.8464280796643E-8
9933.59375,1.82526623035946E-8
9937.5,1.87608755140998E-8
9941.40625,1.95583670768326E-8
9945.3125,2.0044847314418E-8
9949.21875,1.97994549331046E-8
9953.125,1.91488285143867E-8
9957.03125,1.89070112191266E-8
9960.9375,1.88021761857166E-8
9964.84375,1.84983357149531E-8
9968.75,1.8562314997154E-8
9972.65625,1.91027497634385E-8
9976.5625,1.89272602709382E-8
9980.46875,1.82540120931149E-8
9984.375,1.80482954584941E-8
9988.28125,1.81472626142144E-8
9992.1875,1.88067879098957E-8
9996.09375,1.98414363882225E-8
10000,1.98039802305642E-8
10003.90625,1.90952923741997E-8
10007.8125,1.89752208234769E-8
10011.71875,1.9321053913589E-8
10015.625,1.98551806875563E-8
10019.53125,2.00681941531689E-8
10023.4375,1.99671535320503E-8
10027.34375,1.96008629914591E-8
10031.25,1.88180616803797E-8
10035.15625,1.83826173825638E-8
10039.0625,1.86600783362549E-8
10042.96875,1.91096636060574E-8
10046.875,1.95822326448868E-8
10050.78125,1.96845585046599E-8
10054.6875,1.9611822750044E-8
10058.59375,1.97868233222766E-8
10062.5,1.97616079897768E-8
10066.40625,1.93664951438687E-8
10070.3125,1.93844903319554E-8
10074.21875,2.00089424419165E-8
10078.125,1.98753184672295E-8
10082.03125,1.87662617613874E-8
10085.9375,1.83923589834953E-8
10089.84375,1.8841688667942E-8
10093.75,1.91298853617357E-8
10097.65625,1.89774924613506E-8
10101.5625,1.87541160343302E-8
10105.46875,1.91295971901227E-8
10109.375,1.95865333812105E-8
10113.28125,1.93389459498847E-8
10117.1875,1.90328466541717E-8
10121.09375,1.9050360750303E-8
10125,1.89017821360301E-8
10128.90625,1.91116877255603E-8
10132.8125,1.93226774418234E-8
10136.71875,1.85598591885662E-8
10140.625,1.78491572355048E-8
10144.53125,1.77178012744025E-8
10148.4375,1.76086611347397E-8
10152.34375,1.80243566656535E-8
10156.25,1.93781264261794E-8
10160.15625,2.033109662534E-8
10164.0625,2.03428999386246E-8
10167.96875,1.97009583754571E-8
10171.875,1.88558623839752E-8
10175.78125,1.86560163066679E-8
10179.6875,1.90584142304303E-8
10183.59375,1.92849944738416E-8
10187.5,1.92790023246896E-8
10191.40625,1.96304679968678E-8
10195.3125,2.022153605402E-8
10199.21875,2.02006667012426E-8
10203.125,1.95943904135977E-8
10207.03125,1.88930148202386E-8
10210.9375,1.8287028257022E-8
10214.84375,1.812136660425E-8
10218.75,1.87484042644353E-8
10222.65625,1.97629182874334E-8
10226.5625,2.01058482111956E-8
10230.46875,1.923716487053E-8
10234.375,1.80900641815231E-8
10238.28125,1.76427564261789E-8
10242.1875,1.7838744813309E-8
10246.09375,1.84849722320196E-8
10250,1.91510188562307E-8
10253.90625,1.98611311736657E-8
10257.8125,2.0445376994199E-8
10261.71875,2.00948303766938E-8
10265.625,1.93396353034471E-8
10269.53125,1.89586629510396E-8
10273.4375,1.83742983159097E-8
10277.34375,1.79228352240497E-8
10281.25,1.8126088442163E-8
10285.15625,1.85790020517261E-8
10289.0625,1.89602957534384E-8
10292.96875,1.92923143883218E-8
10296.875,1.95093326037154E-8
10300.78125,1.96565030921306E-8
10304.6875,2.01417050827708E-8
10308.59375,2.04225054234888E-8
10312.5,1.98688258265865E-8
10316.40625,1.93167037769674E-8
10320.3125,1.89699285025982E-8
10324.21875,1.86030687341473E-8
10328.125,1.87283172548262E-8
10332.03125,1.91285326818342E-8
10335.9375,1.96616907157488E-8
10339.84375,2.00650806927242E-8
10343.75,1.99864411143471E-8
10347.65625,1.9380967126358E-8
10351.5625,1.86685432485091E-8
10355.46875,1.92203565876056E-8
10359.375,2.03556065209143E-8
10363.28125,2.01638666973195E-8
10367.1875,1.94062209902353E-8
10371.09375,1.94755551446888E-8
10375,1.9645439409834E-8
10378.90625,1.94113248119542E-8
10382.8125,1.92736640288009E-8
10386.71875,1.93468395654988E-8
10390.625,1.9692072681375E-8
10394.53125,1.98394139476823E-8
10398.4375,1.97443696280377E-8
10402.34375,1.99250821828176E-8
10406.25,2.01505413879076E-8
10410.15625,2.0138106719339E-8
10414.0625,2.01515165504674E-8
10417.96875,2.02439687270227E-8
10421.875,1.99763007713716E-8
10425.78125,1.97930283508712E-8
10429.6875,2.0015950769204E-8
10433.59375,1.99133814919415E-8
10437.5,1.92703784131479E-8
10441.40625,1.8977637702544E-8
10445.3125,1.90816011326451E-8
10449.21875,1.887266941409E-8
10453.125,1.84777160709431E-8
10457.03125,1.86326640873872E-8
10460.9375,1.943613212288E-8
10464.84375,2.01074988270173E-8
10468.75,2.03821587657717E-8
10472.65625,2.04090889807762E-8
10476.5625,2.0034004646099E-8
10480.46875,1.93839234892755E-8
10484.375,1.91100560841795E-8
10488.28125,1.92360663499119E-8
10492.1875,1.92933581976307E-8
10496.09375,1.91202370936759E-8
10500,1.89341054935448E-8
10503.90625,1.84869552087996E-8
10507.8125,1.79757429915433E-8
10511.71875,1.80040773449252E-8
10515.625,1.8311230879386E-8
10519.53125,1.90365485462839E-8
10523.4375,2.01449156022848E-8
10527.34375,2.05415355811907E-8
10531.25,1.99393471633482E-8
10535.15625,1.91867183248061E-8
10539.0625,1.89119374537755E-8
10542.96875,1.8885304833567E-8
10546.875,1.90303195367754E-8
10550.78125,1.91989195056246E-8
10554.6875,1.91848233147448E-8
10558.59375,1.89399364910709E-8
10562.5,1.87964640567624E-8
10566.40625,1.92843274750136E-8
10570.3125,1.98270621902994E-8
10574.21875,2.03316287609087E-8
10578.125,2.04960821578024E-8
10582.03125,1.961988468604E-8
10585.9375,1.88371322721382E-8
10589.84375,1.86090729844928E-8
10593.75,1.84167764734528E-8
10597.65625,1.84626904528121E-8
10601.5625,1.91208186178582E-8
10605.46875,1.96879550010496E-8
10609.375,1.96226340101914E-8
10613.28125,1.94262855841465E-8
10617.1875,1.94477381473196E-8
10621.09375,1.94636892252064E-8
10625,1.9051202273868E-8
10628.90625,1.82554182745186E-8
10632.8125,1.80960283046159E-8
10636.71875,1.80809934948072E-8
10640.625,1.76587706829246E-8
10644.53125,1.79463233044683E-8
10648.4375,1.84048830173912E-8
10652.34375,1.81641183206281E-8
10656.25,1.80982289892049E-8
10660.15625,1.88108353239957E-8
10664.0625,1.94370138606926E-8
10667.96875,1.98208110562113E-8
10671.875,2.03088312841976E-8
10675.78125,2.03994280535526E-8
10679.6875,2.02692676215026E-8
10683.59375,1.99713450893775E-8
10687.5,1.96212952320577E-8
10691.40625,1.98560645919685E-8
10695.3125,2.04493531636636E-8
10699.21875,2.09120882516602E-8
10703.125,2.12034092855511E-8
10707.03125,2.12592466154853E-8
10710.9375,2.06918374816977E-8
10714.84375,1.97241266726964E-8
10718.75,1.90967829067787E-8
10722.65625,1.91732625335466E-8
10726.5625,1.92783711054695E-8
10730.46875,1.90598702637969E-8
10734.375,1.90634872382994E-8
10738.28125,1.9355790748486E-8
10742.1875,1.9632926459766E-8
10746.09375,1.96824913649848E-8
10750,2.00827206765039E-8
10753.90625,2.07936219678264E-8
10757.8125,2.06138097305201E-8
10761.71875,1.95397470713967E-8
10765.625,1.91210853481601E-8
10769.53125,1.9602175425065E-8
10773.4375,1.97510133049483E-8
10777.34375,1.92814122443611E-8
10781.25,1.89749115276918E-8
10785.15625,1.91408346274038E-8
10789.0625,1.92589312998633E-8
10792.96875,1.94766083879673E-8
10796.875,1.98407484035493E-8
10800.78125,1.9358213386674E-8
10804.6875,1.84908404151803E-8
10808.59375,1.84194498648615E-8
10812.5,1.82845703409536E-8
10816.40625,1.80315706529625E-8
10820.3125,1.82750647248643E-8
10824.21875,1.92851160090442E-8
10828.125,2.0271082528883E-8
10832.03125,2.04351303925003E-8
10835.9375,2.00900289988361E-8
10839.84375,1.96785679655676E-8
10843.75,1.93715107022622E-8
10847.65625,1.91764875435969E-8
10851.5625,1.92122431397399E-8
10855.46875,1.93609301392193E-8
10859.375,1.91489499346197E-8
10863.28125,1.82252113626327E-8
10867.1875,1.75967089786892E-8
10871.09375,1.79508049813755E-8
10875,1.87739677022309E-8
10878.90625,1.95119226080638E-8
10882.8125,1.98559871574708E-8
10886.71875,1.99842288076572E-8
10890.625,1.99690353346265E-8
10894.53125,1.99971070382099E-8
10898.4375,1.99560309360013E-8
10902.34375,1.91206862319516E-8
10906.25,1.78454265270668E-8
10910.15625,1.74112691128249E-8
10914.0625,1.78626657306335E-8
10917.96875,1.84142544153306E-8
10921.875,1.88765149649349E-8
10925.78125,1.88744358222562E-8
10929.6875,1.86466025050526E-8
10933.59375,1.87150067801428E-8
10937.5,1.87005247705543E-8
10941.40625,1.88583204113984E-8
10945.3125,1.9112103708053E-8
10949.21875,1.89589121825468E-8
10953.125,1.88010911444087E-8
10957.03125,1.89832528431557E-8
10960.9375,1.94276378005966E-8
10964.84375,1.97184581542718E-8
10968.75,1.95646685213108E-8
10972.65625,1.93525597695085E-8
10976.5625,1.92896744844481E-8
10980.46875,1.91220767285422E-8
10984.375,1.92182717146301E-8
10988.28125,1.9614581807743E-8
10992.1875,2.01690595548104E-8
10996.09375,2.12934254715056E-8
11000,2.2018096835089E-8
11003.90625,2.10462330136375E-8
11007.8125,1.94126191511593E-8
11011.71875,1.84899054440222E-8
11015.625,1.83803375126095E-8
11019.53125,1.87873541729581E-8
11023.4375,1.94756706768973E-8
11027.34375,2.00526472635858E-8
11031.25,2.01122923051672E-8
11035.15625,1.95519302994657E-8
11039.0625,1.91180363597572E-8
11042.96875,1.90054995003527E-8
11046.875,1.87374198164548E-8
11050.78125,1.85082494201728E-8
11054.6875,1.81419654451887E-8
11058.59375,1.80067682733651E-8
11062.5,1.84517066376349E-8
11066.40625,1.90858407894826E-8
11070.3125,1.95548704043361E-8
11074.21875,1.93601514726531E-8
11078.125,1.88138055319725E-8
11082.03125,1.91465713287373E-8
11085.9375,2.03123735566172E-8
11089.84375,2.10075877438223E-8
11093.75,2.06727173365776E-8
11097.65625,1.96855034105006E-8
11101.5625,1.90610281244476E-8
11105.46875,1.91947624597675E-8
11109.375,1.9252308704336E-8
11113.28125,1.92409512155187E-8
11117.1875,1.98042898333339E-8
11121.09375,2.01266603000196E-8
11125,1.9664536221691E-8
11128.90625,1.94313686963633E-8
11132.8125,2.01392333136348E-8
11136.71875,2.06644246314757E-8
11140.625,2.03615507353881E-8
11144.53125,1.98254875328991E-8
11148.4375,1.93372850013449E-8
11152.34375,1.94561051551799E-8
11156.25,2.00146748367347E-8
11160.15625,2.02602693119916E-8
11164.0625,2.02410379335281E-8
11167.96875,1.9818818678215E-8
11171.875,1.91394268796881E-8
11175.78125,1.85708295201076E-8
11179.6875,1.83458724377673E-8
11183.59375,1.85312858989635E-8
11187.5,1.88646042264394E-8
11191.40625,1.92367359968307E-8
11195.3125,1.91421306042255E-8
11199.21875,1.82819244049607E-8
11203.125,1.77128853821297E-8
11207.03125,1.80193938132013E-8
11210.9375,1.81581187351391E-8
11214.84375,1.82685894181203E-8
11218.75,1.90321530849903E-8
11222.65625,1.95352335119482E-8
11226.5625,1.96459882084342E-8
11230.46875,1.9718056865618E-8
11234.375,1.94630591787412E-8
11238.28125,1.91357047152105E-8
11242.1875,1.90575946708321E-8
11246.09375,1.93372268219274E-8
11250,1.95094527413914E-8
11253.90625,1.94212117616471E-8
11257.8125,1.91290953298756E-8
11261.71875,1.88609182935737E-8
11265.625,1.89715692305488E-8
11269.53125,1.91061966929583E-8
11273.4375,1.91688191888289E-8
11277.34375,1.93646603312435E-8
11281.25,1.92875261369858E-8
11285.15625,1.91373998153932E-8
11289.0625,1.95234451614297E-8
11292.96875,2.01521427511611E-8
11296.875,2.07336389711254E-8
11300.78125,2.08573362028843E-8
11304.6875,2.02208480196791E-8
11308.59375,1.91865326435925E-8
11312.5,1.90447417665428E-8
11316.40625,1.9989415802331E-8
11320.3125,2.04028930232452E-8
11324.21875,2.00701384193062E-8
11328.125,1.9516733625732E-8
11332.03125,1.91989409917751E-8
11335.9375,1.96180850414245E-8
11339.84375,2.01859120213401E-8
11343.75,2.00710100546036E-8
11347.65625,1.95782470143988E-8
11351.5625,1.91850617894314E-8
11355.46875,1.86776578747161E-8
11359.375,1.85006030707495E-8
11363.28125,1.96184109585056E-8
11367.1875,2.07608944997639E-8
11371.09375,2.05018521160282E-8
11375,1.93978981961395E-8
11378.90625,1.8769878373378E-8
11382.8125,1.91471030888383E-8
11386.71875,1.94905993744359E-8
11390.625,1.90534461550019E-8
11394.53125,1.88913206201814E-8
11398.4375,1.9361392094508E-8
11402.34375,1.95229399794279E-8
11406.25,1.9185004125742E-8
11410.15625,1.92063102996013E-8
11414.0625,1.9518032502859E-8
11417.96875,1.95435246843723E-8
11421.875,1.94565648507377E-8
11425.78125,1.93546912104885E-8
11429.6875,1.91377711496617E-8
11433.59375,1.86812836103776E-8
11437.5,1.82374584642186E-8
11441.40625,1.83270487782248E-8
11445.3125,1.91192112928963E-8
11449.21875,1.99748373819275E-8
11453.125,1.98989819968494E-8
11457.03125,1.9252627178574E-8
11460.9375,1.89730003038871E-8
11464.84375,1.89935077458359E-8
11468.75,1.90364283790805E-8
11472.65625,1.90431595286073E-8
11476.5625,1.89875440853623E-8
11480.46875,1.8748589284249E-8
11484.375,1.850138649566E-8
11488.28125,1.86109802738388E-8
11492.1875,1.92185595322636E-8
11496.09375,1.96830057886961E-8
11500,1.98278319772929E-8
11503.90625,1.98746448635691E-8
11507.8125,1.9534209346405E-8
11511.71875,1.884984522843E-8
11515.625,1.79747739251476E-8
11519.53125,1.78013048845673E-8
11523.4375,1.84777160709431E-8
11527.34375,1.88283059723535E-8
11531.25,1.85895314027406E-8
11535.15625,1.81520241995812E-8
11539.0625,1.7843799942002E-8
11542.96875,1.7804809994859E-8
11546.875,1.81439507730187E-8
11550.78125,1.83947250270526E-8
11554.6875,1.84315719717459E-8
11558.59375,1.87549808478271E-8
11562.5,1.90942338093965E-8
11566.40625,1.88105841305389E-8
11570.3125,1.82582529055747E-8
11574.21875,1.85887617797208E-8
11578.125,1.96000221077063E-8
11582.03125,2.02135563842202E-8
11585.9375,2.02715209683759E-8
11589.84375,1.96214701097628E-8
11593.75,1.84521862747436E-8
11597.65625,1.79969002632786E-8
11601.5625,1.86648587811027E-8
11605.46875,1.92283037624318E-8
11609.375,1.90676217690844E-8
11613.28125,1.89048094674087E-8
11617.1875,1.9257036580126E-8
11621.09375,1.97183678174909E-8
11625,1.95671084199743E-8
11628.90625,1.93293632325903E-8
11632.8125,1.93715900733688E-8
11636.71875,1.90615278420651E-8
11640.625,1.86428432973036E-8
11644.53125,1.86770103478528E-8
11648.4375,1.89116529014727E-8
11652.34375,1.89750310963087E-8
11656.25,1.87790117121093E-8
11660.15625,1.87135439536951E-8
11664.0625,1.91717769689413E-8
11667.96875,1.99871972580186E-8
11671.875,2.02186344673723E-8
11675.78125,1.96438645113362E-8
11679.6875,1.90918513329322E-8
11683.59375,1.91302009732835E-8
11687.5,1.94517312398711E-8
11691.40625,1.98710038009463E-8
11695.3125,2.05431192442836E-8
11699.21875,2.04888445460942E-8
11703.125,1.96363462102729E-8
11707.03125,1.89048917897675E-8
11710.9375,1.82519000495837E-8
11714.84375,1.79100808949964E-8
11718.75,1.78929041413086E-8
11722.65625,1.80494662689742E-8
11726.5625,1.85882866754234E-8
11730.46875,1.95503891089884E-8
11734.375,2.02375545170532E-8
11738.28125,1.98942059252097E-8
11742.1875,1.8843660972872E-8
11746.09375,1.83486072551659E-8
11750,1.89839738791469E-8
11753.90625,1.98732702261633E-8
11757.8125,1.99671920337803E-8
11761.71875,1.91230749211511E-8
11765.625,1.85229597058282E-8
11769.53125,1.8782774613684E-8
11773.4375,1.92939238137199E-8
11777.34375,1.9882083427401E-8
11781.25,2.03177647121975E-8
11785.15625,2.03828165172269E-8
11789.0625,2.01751944225669E-8
11792.96875,1.98394640386527E-8
11796.875,1.94846829655289E-8
11800.78125,1.91679593516535E-8
11804.6875,1.90847266812149E-8
11808.59375,1.92592311664767E-8
11812.5,1.90535514534582E-8
11816.40625,1.85992503210026E-8
11820.3125,1.86487794417507E-8
11824.21875,1.89581209601031E-8
11828.125,1.88955096924033E-8
11832.03125,1.86356274771329E-8
11835.9375,1.86484214964074E-8
11839.84375,1.89791878607323E-8
11843.75,1.91601544919041E-8
11847.65625,1.9023035817407E-8
11851.5625,1.90652556368892E-8
11855.46875,1.90340504883973E-8
11859.375,1.86981272265522E-8
11863.28125,1.86734018568003E-8
11867.1875,1.8864839791513E-8
11871.09375,1.88815156913948E-8
11875,1.87383024115974E-8
11878.90625,1.85935686277439E-8
11882.8125,1.85102005268359E-8
11886.71875,1.89253977360034E-8
11890.625,1.95212495415527E-8
11894.53125,1.98299066597567E-8
11898.4375,1.98588161535927E-8
11902.34375,1.96264912063615E-8
11906.25,1.91827482643845E-8
11910.15625,1.90384386174998E-8
11914.0625,1.9382549842695E-8
11917.96875,1.9641091428611E-8
11921.875,1.9741093017503E-8
11925.78125,1.98860581355203E-8
11929.6875,1.97860964799195E-8
11933.59375,1.95568561154679E-8
11937.5,1.93550835638139E-8
11941.40625,1.92879626305681E-8
11945.3125,1.95047110665239E-8
11949.21875,1.98947082771456E-8
11953.125,2.00244961086699E-8
11957.03125,1.98795067508251E-8
11960.9375,1.94757351820822E-8
11964.84375,1.87985089330695E-8
11968.75,1.86183325413895E-8
11972.65625,1.91127423805318E-8
11976.5625,1.96000479374371E-8
11980.46875,2.0018254174069E-8
11984.375,2.00824377744483E-8
11988.28125,1.95474598408528E-8
11992.1875,1.90572630982919E-8
11996.09375,1.95218316065718E-8
12000,2.03510048717918E-8
12003.90625,1.9711699820362E-8
12007.8125,1.82967305693751E-8
12011.71875,1.80789732505112E-8
12015.625,1.91342965900771E-8
12019.53125,1.98833980451385E-8
12023.4375,1.94147101959721E-8
12027.34375,1.88048396567261E-8
12031.25,1.85437393612625E-8
12035.15625,1.83846001804842E-8
12039.0625,1.83754554976699E-8
12042.96875,1.83950828124045E-8
12046.875,1.8585229981597E-8
12050.78125,1.88384949271452E-8
12054.6875,1.88244007694854E-8
12058.59375,1.87456187454871E-8
12062.5,1.90249824232289E-8
12066.40625,1.95564457580879E-8
12070.3125,1.96097833217458E-8
12074.21875,1.93029568464319E-8
12078.125,1.94584401418897E-8
12082.03125,1.95972782224279E-8
12085.9375,1.89689568480009E-8
12089.84375,1.83190514637076E-8
12093.75,1.8592414936197E-8
12097.65625,1.90635629739705E-8
12101.5625,1.90368203971581E-8
12105.46875,1.87757953262132E-8
12109.375,1.86160140550503E-8
12113.28125,1.87976610845231E-8
12117.1875,1.9502333547348E-8
12121.09375,1.99660360104636E-8
12125,1.98979218984099E-8
12128.90625,1.98989443054288E-8
12132.8125,1.98789653422061E-8
12136.71875,1.98019416547737E-8
12140.625,2.00132198746834E-8
12144.53125,2.0366798143132E-8
12148.4375,2.04075730149255E-8
12152.34375,1.99390424788513E-8
12156.25,1.91962413616657E-8
12160.15625,1.88767315084336E-8
12164.0625,1.89712252824689E-8
12167.96875,1.89467929681728E-8
12171.875,1.90252978039036E-8
12175.78125,1.90287952222424E-8
12179.6875,1.86943322416255E-8
12183.59375,1.82536546243284E-8
12187.5,1.7827110473768E-8
12191.40625,1.79121275157069E-8
12195.3125,1.82689968862179E-8
12199.21875,1.83805935657919E-8
12203.125,1.86723053157115E-8
12207.03125,1.92608861904116E-8
12210.9375,1.98928005919087E-8
12214.84375,2.00043397838102E-8
12218.75,1.91332117633054E-8
12222.65625,1.84354790208241E-8
12226.5625,1.8413025334095E-8
12230.46875,1.85553336288445E-8
12234.375,1.88680250979002E-8
12238.28125,1.90689797530707E-8
12242.1875,1.9091855261415E-8
12246.09375,1.88503992848447E-8
12250,1.81766717015709E-8
12253.90625,1.83382003050004E-8
12257.8125,1.95828464096918E-8
12261.71875,1.98317702846832E-8
12265.625,1.92455893254357E-8
12269.53125,1.9024087502099E-8
12273.4375,1.88892341732655E-8
12277.34375,1.86901713146978E-8
12281.25,1.88859164267614E-8
12285.15625,1.92706294512238E-8
12289.0625,1.95807436347207E-8
12292.96875,1.96555443907403E-8
12296.875,1.93862023670583E-8
12300.78125,1.92681111381919E-8
12304.6875,1.97540604639358E-8
12308.59375,2.00210930205498E-8
12312.5,1.94528166177782E-8
12316.40625,1.87411920694495E-8
12320.3125,1.8877775451639E-8
12324.21875,1.91952010627703E-8
12328.125,1.92720694514232E-8
12332.03125,1.94370119313319E-8
12335.9375,1.94038285042477E-8
12339.84375,1.91813220869117E-8
12343.75,1.91925741792381E-8
12347.65625,1.94116252222515E-8
12351.5625,1.93365693823441E-8
12355.46875,1.92135147819419E-8
12359.375,1.90670887757334E-8
12363.28125,1.86827148394164E-8
12367.1875,1.86919028061672E-8
12371.09375,1.91046882470865E-8
12375,1.91844841673596E-8
12378.90625,1.93541031499932E-8
12382.8125,1.98417435165355E-8
12386.71875,2.01102355665335E-8
12390.625,1.96503789996726E-8
12394.53125,1.86825402072441E-8
12398.4375,1.83094889907111E-8
12402.34375,1.88029251069318E-8
12406.25,1.90804199527136E-8
12410.15625,1.86155043924952E-8
12414.0625,1.81535157476435E-8
12417.96875,1.81645384548206E-8
12421.875,1.85525686446825E-8
12425.78125,1.91691693731217E-8
12429.6875,1.9562731527282E-8
12433.59375,1.93644027657943E-8
12437.5,1.91176489494455E-8
12441.40625,1.90489522224203E-8
12445.3125,1.90808759243472E-8
12449.21875,1.93288073842892E-8
12453.125,1.94102496720568E-8
12457.03125,1.91863586879831E-8
12460.9375,1.90007189039453E-8
12464.84375,1.89739351871539E-8
12468.75,1.88862529931389E-8
12472.65625,1.87445144252029E-8
12476.5625,1.88513511893496E-8
12480.46875,1.91706228630054E-8
12484.375,1.92550218971467E-8
12488.28125,1.88880608178605E-8
12492.1875,1.86222658547498E-8
12496.09375,1.87034052272438E-8

// End of Data
