// SR1 Audio Analyzer: 10/21/2024 7:59:42 AM

// Series: A1:FFT1:Power Spectrum A
// Units: Hz,V/rtHz
0,9.97519793048296E-8
3.90625,1.04964868595394E-7
7.8125,1.06230403063929E-7
11.71875,9.66490808395623E-8
15.625,8.50322237852843E-8
19.53125,7.78970002111627E-8
23.4375,7.58642679397065E-8
27.34375,7.42278141779834E-8
31.25,7.16236278215903E-8
35.15625,7.01574369537984E-8
39.0625,6.78266278311658E-8
42.96875,6.44942004442973E-8
46.875,6.3806979723204E-8
50.78125,9.50131826865821E-8
54.6875,1.93496162375831E-7
58.59375,2.82028761655438E-7
62.5,2.68928875079878E-7
66.40625,1.70265050474957E-7
70.3125,8.52950740726963E-8
74.21875,6.11266130600408E-8
78.125,5.8090319520706E-8
82.03125,5.98987746388297E-8
85.9375,6.10514719340327E-8
89.84375,5.91045731492003E-8
93.75,5.67440923279414E-8
97.65625,5.50240486203252E-8
101.5625,5.43211849972099E-8
105.46875,5.43895772821826E-8
109.375,5.72430173764871E-8
113.28125,7.79826393183524E-8
117.1875,1.1175736064381E-7
121.09375,1.20407260112054E-7
125,9.19844945767777E-8
128.90625,6.15142279843903E-8
132.8125,5.38665486199627E-8
136.71875,5.42316080660283E-8
140.625,5.52405598907767E-8
144.53125,5.51072287319774E-8
148.4375,5.48311014640765E-8
152.34375,5.39051285427799E-8
156.25,5.17185918956382E-8
160.15625,5.13462052887573E-8
164.0625,5.42120220124836E-8
167.96875,6.6047992781932E-8
171.875,1.30082592341886E-7
175.78125,2.46019020904875E-7
179.6875,3.14497265755655E-7
183.59375,2.61963238873382E-7
187.5,1.4182296380608E-7
191.40625,6.33638794447323E-8
195.3125,4.93670200198631E-8
199.21875,4.86969194762061E-8
203.125,5.03531673833268E-8
207.03125,5.2086562956306E-8
210.9375,5.30927351539135E-8
214.84375,5.19576309384501E-8
218.75,4.93746281261266E-8
222.65625,4.8644178925303E-8
226.5625,4.97535322469794E-8
230.46875,5.4371877841809E-8
234.375,6.85995741034236E-8
238.28125,8.51643962046693E-8
242.1875,8.39502223881761E-8
246.09375,6.65598844209079E-8
250,5.43275685360728E-8
253.90625,5.11979592879293E-8
257.8125,5.02719803131619E-8
261.71875,5.12416011489294E-8
265.625,5.32351006694628E-8
269.53125,5.29638115282783E-8
273.4375,5.15094574913699E-8
277.34375,5.19832347228165E-8
281.25,5.32047520360869E-8
285.15625,5.28844483805085E-8
289.0625,5.45782939650054E-8
292.96875,7.77405829374184E-8
296.875,1.19992064855186E-7
300.78125,1.34949611054793E-7
304.6875,1.03805824185324E-7
308.59375,6.38286225349096E-8
312.5,5.15384771730193E-8
316.40625,5.09749898780572E-8
320.3125,5.05958590466716E-8
324.21875,5.18941818927564E-8
328.125,5.48962307438398E-8
332.03125,5.53402201945049E-8
335.9375,5.3130417544203E-8
339.84375,5.10641678832371E-8
343.75,5.06162761398498E-8
347.65625,5.30441320358058E-8
351.5625,5.72419243766012E-8
355.46875,6.20393687655232E-8
359.375,6.45591255825213E-8
363.28125,6.05339875378971E-8
367.1875,5.45532042466641E-8
371.09375,5.20407295179903E-8
375,5.18098009208667E-8
378.90625,5.08457089519235E-8
382.8125,4.88248846988954E-8
386.71875,4.98572945242945E-8
390.625,5.39705868384863E-8
394.53125,5.52419528225604E-8
398.4375,5.32927193539968E-8
402.34375,5.18724814410528E-8
406.25,5.11631105668774E-8
410.15625,5.1534300036478E-8
414.0625,5.59275002153554E-8
417.96875,6.30443562352953E-8
421.875,6.17918717840982E-8
425.78125,5.25970138362862E-8
429.6875,4.90808714992408E-8
433.59375,5.16934880121569E-8
437.5,5.40767060105753E-8
441.40625,5.45856958637446E-8
445.3125,5.2676942319124E-8
449.21875,5.04496547438956E-8
453.125,4.96063800926317E-8
457.03125,4.88296427888311E-8
460.9375,4.9971849654431E-8
464.84375,5.50506339310403E-8
468.75,5.84916315433883E-8
472.65625,5.72770686332448E-8
476.5625,5.56131425608806E-8
480.46875,5.57736398340805E-8
484.375,5.4094740476366E-8
488.28125,5.0909535716963E-8
492.1875,5.15025692112478E-8
496.09375,5.37937184530404E-8
500,5.40805469593938E-8
503.90625,5.38972700754958E-8
507.8125,5.46372531403518E-8
511.71875,5.63482895705353E-8
515.625,5.63749420601831E-8
519.53125,5.3843721127237E-8
523.4375,5.29002941007988E-8
527.34375,5.40151066374184E-8
531.25,5.45505951666891E-8
535.15625,6.11330183877218E-8
539.0625,7.19271706740612E-8
542.96875,6.97710692459306E-8
546.875,5.73198764928881E-8
550.78125,4.95592670931544E-8
554.6875,4.87693003355359E-8
558.59375,5.14166545721323E-8
562.5,5.43619786926887E-8
566.40625,5.53508551073108E-8
570.3125,5.40921558780091E-8
574.21875,5.23333812265598E-8
578.125,5.11611110426333E-8
582.03125,5.02239950340089E-8
585.9375,4.9666227930111E-8
589.84375,4.9890886031765E-8
593.75,5.1452109582954E-8
597.65625,5.5593712541066E-8
601.5625,5.94479229369031E-8
605.46875,5.86406538632433E-8
609.375,5.52372585826981E-8
613.28125,5.29581146810022E-8
617.1875,5.12774605508981E-8
621.09375,5.05948275729839E-8
625,5.00165613666369E-8
628.90625,4.88563138203581E-8
632.8125,4.95394648358766E-8
636.71875,5.02466434934094E-8
640.625,4.9473251727213E-8
644.53125,5.04790487264305E-8
648.4375,5.25854385514723E-8
652.34375,5.31852254891812E-8
656.25,5.39758829194877E-8
660.15625,5.49581293212237E-8
664.0625,5.25355900468979E-8
667.96875,4.84093734349279E-8
671.875,4.82751461185913E-8
675.78125,5.29387828237666E-8
679.6875,5.58612324098924E-8
683.59375,5.39641885454042E-8
687.5,5.18479067364292E-8
691.40625,5.32610590604825E-8
695.3125,5.47345746233921E-8
699.21875,5.3256663479447E-8
703.125,5.12830434291954E-8
707.03125,5.0879058757927E-8
710.9375,5.06283543530147E-8
714.84375,5.07867970917231E-8
718.75,5.25744388243245E-8
722.65625,5.3564706450229E-8
726.5625,5.25833408574762E-8
730.46875,5.08848834759324E-8
734.375,4.7172170467406E-8
738.28125,4.36802092807691E-8
742.1875,4.39386249208716E-8
746.09375,4.66078789796438E-8
750,4.81233364638481E-8
753.90625,4.81494272566289E-8
757.8125,5.04651867713477E-8
761.71875,5.41062888060135E-8
765.625,5.60196321300529E-8
769.53125,5.68461347447108E-8
773.4375,5.76141352603388E-8
777.34375,5.91828976825656E-8
781.25,5.87373495733955E-8
785.15625,5.35838346236494E-8
789.0625,4.93697243577162E-8
792.96875,4.76432018355924E-8
796.875,4.57976911335127E-8
800.78125,4.49600545643007E-8
804.6875,4.56088669462284E-8
808.59375,4.76918812533607E-8
812.5,4.99169380585252E-8
816.40625,5.19439751835172E-8
820.3125,5.525247248327E-8
824.21875,5.60475334166125E-8
828.125,5.40246384888699E-8
832.03125,5.53839361765857E-8
835.9375,5.8448773776752E-8
839.84375,5.75941807080268E-8
843.75,5.48105827367991E-8
847.65625,5.31278641707516E-8
851.5625,5.27578035480336E-8
855.46875,5.32457912789307E-8
859.375,5.2737821955622E-8
863.28125,5.19869936373007E-8
867.1875,5.3306533008502E-8
871.09375,5.42211965928355E-8
875,5.16696373510905E-8
878.90625,4.8688218868518E-8
882.8125,5.0203837757877E-8
886.71875,5.34847796319198E-8
890.625,5.43535943670624E-8
894.53125,5.20765539506973E-8
898.4375,4.82853320816506E-8
902.34375,4.5963533761922E-8
906.25,4.60867387611672E-8
910.15625,4.82856391318855E-8
914.0625,5.06888075457404E-8
917.96875,5.0900833205277E-8
921.875,5.08053106873491E-8
925.78125,5.21759125769436E-8
929.6875,5.20525711968153E-8
933.59375,5.23265050732531E-8
937.5,5.42898104218566E-8
941.40625,5.40122849087005E-8
945.3125,5.01842809798994E-8
949.21875,4.7516720525552E-8
953.125,4.88894346530324E-8
957.03125,5.15656116871149E-8
960.9375,5.398197771397E-8
964.84375,5.52771267987534E-8
968.75,5.34209158212206E-8
972.65625,5.04474182788121E-8
976.5625,4.93847974639444E-8
980.46875,4.93779520816372E-8
984.375,4.99572919995273E-8
988.28125,5.20987470932746E-8
992.1875,5.47367821865681E-8
996.09375,5.55771195232943E-8
1000,5.41399386512745E-8
1003.90625,5.19190059780985E-8
1007.8125,5.05456118025958E-8
1011.71875,4.84387689590291E-8
1015.625,4.60155206412267E-8
1019.53125,4.55292251765333E-8
1023.4375,4.61593871428706E-8
1027.34375,4.62899857369467E-8
1031.25,4.7194294927896E-8
1035.15625,5.03557142391918E-8
1039.0625,5.38600251069659E-8
1042.96875,5.42105588583646E-8
1046.875,5.1860447122866E-8
1050.78125,5.13981102262183E-8
1054.6875,5.28180734957929E-8
1058.59375,5.210588093319E-8
1062.5,4.97413340089059E-8
1066.40625,4.78559492882809E-8
1070.3125,4.84597981143735E-8
1074.21875,5.15540665250509E-8
1078.125,5.26403435635784E-8
1082.03125,5.16950912401E-8
1085.9375,5.00656397925197E-8
1089.84375,4.90683640297268E-8
1093.75,5.03718374115353E-8
1097.65625,5.09659203719653E-8
1101.5625,5.11355943085164E-8
1105.46875,5.247242734079E-8
1109.375,5.35583288742974E-8
1113.28125,5.28521620153937E-8
1117.1875,5.13975044660122E-8
1121.09375,5.23427632960031E-8
1125,5.43409717996381E-8
1128.90625,5.39913369238282E-8
1132.8125,5.2716333788778E-8
1136.71875,5.41061572774563E-8
1140.625,5.648096425859E-8
1144.53125,5.46358583599302E-8
1148.4375,5.14575553827714E-8
1152.34375,5.02337592655331E-8
1156.25,4.90162984000775E-8
1160.15625,4.8229642329036E-8
1164.0625,4.84151676113981E-8
1167.96875,5.04277531015561E-8
1171.875,5.47837943339579E-8
1175.78125,5.73430731480641E-8
1179.6875,5.610973938601E-8
1183.59375,5.46920311683312E-8
1187.5,5.34955173463667E-8
1191.40625,5.01372142304623E-8
1195.3125,4.78456874067616E-8
1199.21875,4.83537253591465E-8
1203.125,4.91709956910945E-8
1207.03125,5.1459194772598E-8
1210.9375,5.29608721995709E-8
1214.84375,5.07341235463496E-8
1218.75,4.91429764412298E-8
1222.65625,5.07165252822286E-8
1226.5625,5.25712972339442E-8
1230.46875,5.45723173876987E-8
1234.375,5.50901097240673E-8
1238.28125,5.39903236369995E-8
1242.1875,5.3944659307634E-8
1246.09375,5.41986333633822E-8
1250,5.2940897239416E-8
1253.90625,5.13085850800781E-8
1257.8125,5.12273753879018E-8
1261.71875,5.15054305644077E-8
1265.625,5.05625540948231E-8
1269.53125,5.09148910414263E-8
1273.4375,5.23948553114827E-8
1277.34375,5.14441703606522E-8
1281.25,5.01444999925826E-8
1285.15625,5.0520071790961E-8
1289.0625,5.10513244439527E-8
1292.96875,5.16303202629951E-8
1296.875,5.17411850059173E-8
1300.78125,5.16941677409879E-8
1304.6875,5.26386536459204E-8
1308.59375,5.48902644748733E-8
1312.5,5.66109212650197E-8
1316.40625,5.56604586701267E-8
1320.3125,5.2172195691321E-8
1324.21875,4.97503838799104E-8
1328.125,5.03176510835348E-8
1332.03125,5.20307202439815E-8
1335.9375,5.24623054335314E-8
1339.84375,5.19169241929604E-8
1343.75,5.04233839808476E-8
1347.65625,4.93590773294549E-8
1351.5625,5.10923900314067E-8
1355.46875,5.14288532772026E-8
1359.375,4.82455971228779E-8
1363.28125,4.69335924948901E-8
1367.1875,4.98095199408429E-8
1371.09375,5.26937142323505E-8
1375,5.37225061411904E-8
1378.90625,5.40022841518788E-8
1382.8125,5.29542119169281E-8
1386.71875,4.96750601772219E-8
1390.625,4.66352404631432E-8
1394.53125,4.64090018319041E-8
1398.4375,4.93790990495875E-8
1402.34375,5.16412368635713E-8
1406.25,5.15719165833828E-8
1410.15625,5.12341675529597E-8
1414.0625,5.14942749946363E-8
1417.96875,5.25834057067968E-8
1421.875,5.3608747463908E-8
1425.78125,5.37086062409927E-8
1429.6875,5.30896717088585E-8
1433.59375,5.17396978268434E-8
1437.5,4.97298587357665E-8
1441.40625,4.87508787649216E-8
1445.3125,4.81413668313705E-8
1449.21875,4.63217872957503E-8
1453.125,4.67305907823512E-8
1457.03125,5.03225980051198E-8
1460.9375,5.23957183569075E-8
1464.84375,5.1287498309324E-8
1468.75,5.03857162210511E-8
1472.65625,5.09877420502297E-8
1476.5625,5.13807797801149E-8
1480.46875,5.06791836459785E-8
1484.375,4.95421582642467E-8
1488.28125,4.87859903475599E-8
1492.1875,5.11905946570608E-8
1496.09375,5.73024275607705E-8
1500,6.15547419112113E-8
1503.90625,5.91667474279196E-8
1507.8125,5.31126725499502E-8
1511.71875,5.01117944792555E-8
1515.625,4.97507966208735E-8
1519.53125,4.88132516911204E-8
1523.4375,4.86588780620855E-8
1527.34375,4.92135670516173E-8
1531.25,5.00742032158857E-8
1535.15625,5.10288907654847E-8
1539.0625,5.07436259996228E-8
1542.96875,4.95525176206591E-8
1546.875,4.90670859131059E-8
1550.78125,4.9283730153201E-8
1554.6875,4.89303951141792E-8
1558.59375,4.87518945118822E-8
1562.5,5.05509352913361E-8
1566.40625,5.39245758677068E-8
1570.3125,5.51191916591457E-8
1574.21875,5.30966500743503E-8
1578.125,5.04069890521978E-8
1582.03125,4.92246762594244E-8
1585.9375,4.82563100908396E-8
1589.84375,4.79819751569696E-8
1593.75,4.98425606314154E-8
1597.65625,5.12056471451105E-8
1601.5625,5.15457316978771E-8
1605.46875,5.07739331308285E-8
1609.375,4.95818812982195E-8
1613.28125,5.16950252764248E-8
1617.1875,5.90130618827162E-8
1621.09375,6.44815372886766E-8
1625,6.11908033464503E-8
1628.90625,5.55467239295655E-8
1632.8125,5.3829199766642E-8
1636.71875,5.33656970603462E-8
1640.625,5.23590108071079E-8
1644.53125,5.18464426358812E-8
1648.4375,5.22220503883289E-8
1652.34375,5.28049519156241E-8
1656.25,5.23818513161355E-8
1660.15625,5.24040396492118E-8
1664.0625,5.45183518579481E-8
1667.96875,5.60017992510509E-8
1671.875,5.30216243592067E-8
1675.78125,4.77772278455958E-8
1679.6875,4.66720088016778E-8
1683.59375,4.84160725060563E-8
1687.5,4.9825437493444E-8
1691.40625,5.0784540440948E-8
1695.3125,4.98648501265614E-8
1699.21875,4.80988436490228E-8
1703.125,4.87186147453713E-8
1707.03125,5.04312928114071E-8
1710.9375,4.95929244433065E-8
1714.84375,4.84229574196593E-8
1718.75,4.9720945276331E-8
1722.65625,5.07316745937692E-8
1726.5625,5.16550932006551E-8
1730.46875,5.32927638660838E-8
1734.375,5.63363586818002E-8
1738.28125,5.99463412314143E-8
1742.1875,5.82104341283498E-8
1746.09375,5.31347175384374E-8
1750,5.19715398514609E-8
1753.90625,5.1230255005417E-8
1757.8125,4.80703876043018E-8
1761.71875,4.61668944175792E-8
1765.625,4.7426259978904E-8
1769.53125,4.88812475412605E-8
1773.4375,4.86946938519288E-8
1777.34375,4.79869419540871E-8
1781.25,4.96978707934971E-8
1785.15625,5.25811754081528E-8
1789.0625,5.32301375365846E-8
1792.96875,5.35607842202099E-8
1796.875,5.43344452162217E-8
1800.78125,5.22666979811537E-8
1804.6875,4.87344550917021E-8
1808.59375,4.84419474808133E-8
1812.5,4.92273025820095E-8
1816.40625,4.86711617749315E-8
1820.3125,4.86335971248024E-8
1824.21875,4.87491665447447E-8
1828.125,4.85897685588742E-8
1832.03125,4.97397810745007E-8
1835.9375,5.09684337001436E-8
1839.84375,5.0720606074543E-8
1843.75,5.08975184036024E-8
1847.65625,5.13916051421143E-8
1851.5625,5.41162073302081E-8
1855.46875,6.48649943202476E-8
1859.375,7.38116090065579E-8
1863.28125,6.79999802741271E-8
1867.1875,5.46755468490451E-8
1871.09375,4.83660911708865E-8
1875,4.66300199970601E-8
1878.90625,4.56164664473034E-8
1882.8125,4.81252373096782E-8
1886.71875,5.18286299139175E-8
1890.625,5.37666164379019E-8
1894.53125,5.44091784426143E-8
1898.4375,5.40818628534218E-8
1902.34375,5.33721226551932E-8
1906.25,5.26007486195923E-8
1910.15625,5.19715626732845E-8
1914.0625,5.31588507632464E-8
1917.96875,5.5223130512813E-8
1921.875,5.67048397919145E-8
1925.78125,5.61570726967497E-8
1929.6875,5.27586494155461E-8
1933.59375,4.95334998671282E-8
1937.5,4.92778335144847E-8
1941.40625,4.9897414427375E-8
1945.3125,4.97601576200358E-8
1949.21875,5.00493231869796E-8
1953.125,5.26319300528459E-8
1957.03125,5.49722230110086E-8
1960.9375,5.39856688637374E-8
1964.84375,5.13529528659551E-8
1968.75,5.02539015896582E-8
1972.65625,5.25565427843921E-8
1976.5625,6.01881626033605E-8
1980.46875,6.71861318708659E-8
1984.375,6.4753874463024E-8
1988.28125,5.65345275724388E-8
1992.1875,5.12270280864089E-8
1996.09375,5.0587228597397E-8
2000,5.07436084690597E-8
2003.90625,5.07282698272282E-8
2007.8125,5.05814311565811E-8
2011.71875,4.92046323810075E-8
2015.625,4.84774403246066E-8
2019.53125,5.02696799066755E-8
2023.4375,5.25243484192177E-8
2027.34375,5.39071142954258E-8
2031.25,5.58567202759184E-8
2035.15625,5.63364665816166E-8
2039.0625,5.44816621008025E-8
2042.96875,5.22116641326617E-8
2046.875,4.96310131698606E-8
2050.78125,4.70531421868896E-8
2054.6875,4.77035188805169E-8
2058.59375,4.99401443713656E-8
2062.5,4.90745003388218E-8
2066.40625,4.78738713190009E-8
2070.3125,4.88404917469751E-8
2074.21875,4.84430768235077E-8
2078.125,4.83445735114847E-8
2082.03125,5.09587927834459E-8
2085.9375,5.23239861407931E-8
2089.84375,5.12562828771319E-8
2093.75,5.15111182551843E-8
2097.65625,5.43805783328284E-8
2101.5625,5.69601458791402E-8
2105.46875,5.64787907436578E-8
2109.375,5.49093601938557E-8
2113.28125,5.44975575897657E-8
2117.1875,5.30134587366106E-8
2121.09375,5.09165275208723E-8
2125,5.19513271916784E-8
2128.90625,5.47075755587136E-8
2132.8125,5.57472397470996E-8
2136.71875,5.45781608574551E-8
2140.625,5.18043062918841E-8
2144.53125,4.98506448849485E-8
2148.4375,5.05802352418333E-8
2152.34375,5.28996859235337E-8
2156.25,5.44942031079546E-8
2160.15625,5.35197399674351E-8
2164.0625,5.20906474216018E-8
2167.96875,5.0758258985629E-8
2171.875,4.89313026005562E-8
2175.78125,4.8951544716607E-8
2179.6875,4.93308778887182E-8
2183.59375,4.8152107607195E-8
2187.5,4.65341242915925E-8
2191.40625,4.6267097190414E-8
2195.3125,4.72009952636028E-8
2199.21875,4.9304162865865E-8
2203.125,5.1101587959088E-8
2207.03125,5.09845841127185E-8
2210.9375,5.21821891932125E-8
2214.84375,5.85059890464606E-8
2218.75,6.45777682579518E-8
2222.65625,6.20638448856081E-8
2226.5625,5.41627480552573E-8
2230.46875,5.15328299030569E-8
2234.375,5.24467231479333E-8
2238.28125,5.04985970423464E-8
2242.1875,4.85031327823231E-8
2246.09375,4.85874266496493E-8
2250,4.88763291558358E-8
2253.90625,5.074545206677E-8
2257.8125,5.41885548215008E-8
2261.71875,5.54349516398303E-8
2265.625,5.45380589714268E-8
2269.53125,5.39345745401044E-8
2273.4375,5.24491372495911E-8
2277.34375,4.98424014911174E-8
2281.25,4.9070039430051E-8
2285.15625,5.04492051077615E-8
2289.0625,5.15501926373863E-8
2292.96875,5.13319854107661E-8
2296.875,5.21571094645216E-8
2300.78125,5.53062390684833E-8
2304.6875,5.72783525062381E-8
2308.59375,5.51310094607647E-8
2312.5,5.18545918889412E-8
2316.40625,5.13452553018931E-8
2320.3125,5.13811895235077E-8
2324.21875,5.2355961066124E-8
2328.125,5.651789597711E-8
2332.03125,6.03621713537961E-8
2335.9375,6.24477388757938E-8
2339.84375,6.32255966977865E-8
2343.75,5.97274595442302E-8
2347.65625,5.42134878618707E-8
2351.5625,4.99813398162204E-8
2355.46875,4.70338010144258E-8
2359.375,4.66985707546108E-8
2363.28125,4.72015402326716E-8
2367.1875,4.89025639238802E-8
2371.09375,5.22623123845281E-8
2375,5.29759114465178E-8
2378.90625,4.959833075599E-8
2382.8125,4.56580154135794E-8
2386.71875,4.60213939204849E-8
2390.625,5.03136731583218E-8
2394.53125,5.22309699027421E-8
2398.4375,5.14329755604463E-8
2402.34375,5.17112096655841E-8
2406.25,5.27797467528988E-8
2410.15625,5.20652132106221E-8
2414.0625,4.99839263811885E-8
2417.96875,4.96992281493527E-8
2421.875,5.01519798077101E-8
2425.78125,5.0596591614645E-8
2429.6875,5.23762610115743E-8
2433.59375,5.17910624132509E-8
2437.5,4.90195952366491E-8
2441.40625,5.03933043943682E-8
2445.3125,5.26411462554613E-8
2449.21875,5.2438581095804E-8
2453.125,5.33739171275775E-8
2457.03125,5.31971189739002E-8
2460.9375,5.08654923597863E-8
2464.84375,5.05114489389114E-8
2468.75,5.12194968532346E-8
2472.65625,5.14765160999301E-8
2476.5625,5.1129798151553E-8
2480.46875,5.01736206415274E-8
2484.375,4.92856960440301E-8
2488.28125,4.90702373319925E-8
2492.1875,5.01652988033996E-8
2496.09375,5.22343703858979E-8
2500,5.30491880299196E-8
2503.90625,5.27596329653686E-8
2507.8125,5.23797992483273E-8
2511.71875,5.20903855700204E-8
2515.625,5.2369093226663E-8
2519.53125,5.27896196235593E-8
2523.4375,5.22779496367558E-8
2527.34375,5.08405038147284E-8
2531.25,4.91392247512089E-8
2535.15625,4.81827832241725E-8
2539.0625,4.85380142741027E-8
2542.96875,4.9469643466532E-8
2546.875,5.08686081426814E-8
2550.78125,5.27509208859805E-8
2554.6875,5.35399226519802E-8
2558.59375,5.30061561505694E-8
2562.5,5.18021397597442E-8
2566.40625,5.10871287687422E-8
2570.3125,5.15503335634208E-8
2574.21875,5.40540961820709E-8
2578.125,5.59709084908747E-8
2582.03125,5.29684665313357E-8
2585.9375,4.84005522153162E-8
2589.84375,4.81540596583371E-8
2593.75,5.00969608278084E-8
2597.65625,5.13489512005933E-8
2601.5625,5.16530380931291E-8
2605.46875,5.17385659374362E-8
2609.375,5.04946715420695E-8
2613.28125,4.95853677713108E-8
2617.1875,5.15841532998041E-8
2621.09375,5.22175843812062E-8
2625,5.03054629049244E-8
2628.90625,4.92311002617102E-8
2632.8125,4.99763798814371E-8
2636.71875,5.04213021939441E-8
2640.625,4.95107797174277E-8
2644.53125,4.98249985901402E-8
2648.4375,5.17367004150335E-8
2652.34375,5.33180268230921E-8
2656.25,5.45223683583719E-8
2660.15625,5.51852893187448E-8
2664.0625,5.29607602219182E-8
2667.96875,4.89040919056041E-8
2671.875,4.71404535275513E-8
2675.78125,4.74249016555743E-8
2679.6875,4.88435044972194E-8
2683.59375,5.11798947958476E-8
2687.5,5.19175096142272E-8
2691.40625,5.1264586678357E-8
2695.3125,5.19554822143583E-8
2699.21875,5.20181952549374E-8
2703.125,4.8586900276665E-8
2707.03125,4.61528568282764E-8
2710.9375,4.68721455141349E-8
2714.84375,4.75280610247319E-8
2718.75,4.85843034198113E-8
2722.65625,4.94468849805775E-8
2726.5625,5.09663334506167E-8
2730.46875,5.3371708751297E-8
2734.375,5.3932276411595E-8
2738.28125,5.37963973124591E-8
2742.1875,5.30199493905248E-8
2746.09375,5.0821976784071E-8
2750,4.78204462699108E-8
2753.90625,4.44371939732849E-8
2757.8125,4.27675393090852E-8
2761.71875,4.45506439024311E-8
2765.625,4.79107319429242E-8
2769.53125,5.01252099292659E-8
2773.4375,4.9442645085304E-8
2777.34375,4.73166953927022E-8
2781.25,4.80096961347799E-8
2785.15625,5.11847439001857E-8
2789.0625,5.34720545619534E-8
2792.96875,5.37143311391027E-8
2796.875,5.28376038460101E-8
2800.78125,5.14541266130532E-8
2804.6875,5.03387170580749E-8
2808.59375,5.00067903031967E-8
2812.5,5.02505795179856E-8
2816.40625,5.15714163598483E-8
2820.3125,5.17196410901872E-8
2824.21875,5.00879454561356E-8
2828.125,5.03093294941173E-8
2832.03125,5.16001828290703E-8
2835.9375,5.06201189877549E-8
2839.84375,4.90686148146602E-8
2843.75,4.98907731070746E-8
2847.65625,5.13808172919699E-8
2851.5625,4.9964431893098E-8
2855.46875,4.73709702605516E-8
2859.375,4.78444881845973E-8
2863.28125,5.00453920714473E-8
2867.1875,5.08490358781195E-8
2871.09375,5.02911816517045E-8
2875,4.92006533620164E-8
2878.90625,4.78420028791445E-8
2882.8125,4.78449189164308E-8
2886.71875,4.80786310757077E-8
2890.625,4.83248226768739E-8
2894.53125,5.03326848006142E-8
2898.4375,5.31422981862569E-8
2902.34375,5.4653475023439E-8
2906.25,5.54588778893328E-8
2910.15625,5.61512852833518E-8
2914.0625,5.58691728806047E-8
2917.96875,5.43299127085544E-8
2921.875,5.01844818736259E-8
2925.78125,4.65061757105506E-8
2929.6875,4.64438903114634E-8
2933.59375,4.70345780292353E-8
2937.5,4.78581999773838E-8
2941.40625,4.88328216754303E-8
2945.3125,4.99135490045346E-8
2949.21875,5.09288663966867E-8
2953.125,5.12000152874803E-8
2957.03125,5.06764628809705E-8
2960.9375,4.9987613191398E-8
2964.84375,4.99709922175074E-8
2968.75,5.04391680685203E-8
2972.65625,5.11582449215958E-8
2976.5625,5.05872168742235E-8
2980.46875,4.8365582314277E-8
2984.375,4.74423630715054E-8
2988.28125,4.81029584998069E-8
2992.1875,4.90900431282954E-8
2996.09375,5.12734558852649E-8
3000,5.42107913247419E-8
3003.90625,5.49099083111743E-8
3007.8125,5.3068678025338E-8
3011.71875,5.11874926806394E-8
3015.625,5.02258016189815E-8
3019.53125,4.82751983282828E-8
3023.4375,4.62485653369599E-8
3027.34375,4.63202637523707E-8
3031.25,4.85477068492106E-8
3035.15625,5.21133807982017E-8
3039.0625,5.47280245438565E-8
3042.96875,5.50014157990957E-8
3046.875,5.27377376172041E-8
3050.78125,5.02310586477332E-8
3054.6875,5.09274777673765E-8
3058.59375,5.3755753602842E-8
3062.5,5.47874368758179E-8
3066.40625,5.31724259425423E-8
3070.3125,4.94361481047139E-8
3074.21875,4.72547880772068E-8
3078.125,4.860444144571E-8
3082.03125,4.88298264837095E-8
3085.9375,4.74709800802308E-8
3089.84375,4.75086198490817E-8
3093.75,4.88709461186903E-8
3097.65625,5.00060965325398E-8
3101.5625,5.09653123839161E-8
3105.46875,5.29294335738511E-8
3109.375,5.48269696688938E-8
3113.28125,5.44796346979996E-8
3117.1875,5.35715177706387E-8
3121.09375,5.2402458111208E-8
3125,5.13412963527937E-8
3128.90625,5.23283070697665E-8
3132.8125,5.22133763886465E-8
3136.71875,5.06884448543872E-8
3140.625,5.12480500555213E-8
3144.53125,5.22266863413484E-8
3148.4375,5.13879469326747E-8
3152.34375,4.95670535739137E-8
3156.25,4.83932367346787E-8
3160.15625,4.73567072725106E-8
3164.0625,4.62200431218754E-8
3167.96875,4.52301075111284E-8
3171.875,4.51924645973904E-8
3175.78125,4.74905147120833E-8
3179.6875,4.98939735315092E-8
3183.59375,4.99586779190266E-8
3187.5,4.92823959500276E-8
3191.40625,4.93068706512495E-8
3195.3125,5.10790631558577E-8
3199.21875,5.35232386230738E-8
3203.125,5.35919852683343E-8
3207.03125,5.20479396750041E-8
3210.9375,5.11750307463853E-8
3214.84375,5.01871140980068E-8
3218.75,4.82968835017358E-8
3222.65625,4.719786510326E-8
3226.5625,4.77291480156762E-8
3230.46875,4.85971871652516E-8
3234.375,4.87913949123353E-8
3238.28125,4.77914444397461E-8
3242.1875,4.71986975294334E-8
3246.09375,4.86120377559019E-8
3250,5.06114252994029E-8
3253.90625,5.1654283796557E-8
3257.8125,5.23889494355623E-8
3261.71875,5.40847248123874E-8
3265.625,5.42537941307563E-8
3269.53125,5.20717167138886E-8
3273.4375,4.99738581947482E-8
3277.34375,4.99347527978393E-8
3281.25,5.20120784305842E-8
3285.15625,5.31044148363839E-8
3289.0625,5.18101414542146E-8
3292.96875,5.0147962132658E-8
3296.875,4.86389896651194E-8
3300.78125,4.79204725003321E-8
3304.6875,4.78029988999647E-8
3308.59375,4.74389659989891E-8
3312.5,4.80166285101677E-8
3316.40625,4.82296991990675E-8
3320.3125,4.58243991337006E-8
3324.21875,4.3810844547257E-8
3328.125,4.59694443227006E-8
3332.03125,4.94626599553415E-8
3335.9375,4.85219936882524E-8
3339.84375,4.4929338382226E-8
3343.75,4.38356565805463E-8
3347.65625,4.53570585791543E-8
3351.5625,4.68215214285017E-8
3355.46875,4.69108457284765E-8
3359.375,4.7213906355283E-8
3363.28125,4.8861927558092E-8
3367.1875,5.01921447780462E-8
3371.09375,5.03033467645824E-8
3375,4.91570287793848E-8
3378.90625,4.77731764898473E-8
3382.8125,4.79983999311988E-8
3386.71875,4.85975013974801E-8
3390.625,4.87413558681685E-8
3394.53125,4.93356728256113E-8
3398.4375,4.90834435944748E-8
3402.34375,4.70151046579514E-8
3406.25,4.60437445110427E-8
3410.15625,4.7516566076416E-8
3414.0625,4.89599623300164E-8
3417.96875,4.89332962844775E-8
3421.875,4.89072735318049E-8
3425.78125,5.2305514042171E-8
3429.6875,5.5416831625304E-8
3433.59375,5.35931416409232E-8
3437.5,5.00540567053497E-8
3441.40625,4.84913064031785E-8
3445.3125,4.94291883560352E-8
3449.21875,5.10210513223192E-8
3453.125,5.19462870684229E-8
3457.03125,5.16174539726077E-8
3460.9375,4.97694617479866E-8
3464.84375,4.80487560339809E-8
3468.75,4.74955656796939E-8
3472.65625,4.65446434858879E-8
3476.5625,4.58173017132932E-8
3480.46875,4.57215983968364E-8
3484.375,4.54758445240701E-8
3488.28125,4.78618027184152E-8
3492.1875,5.12690489458673E-8
3496.09375,5.17770677937572E-8
3500,5.16812800519695E-8
3503.90625,5.25729893167215E-8
3507.8125,5.23209513603195E-8
3511.71875,5.07659053722251E-8
3515.625,4.91522782505725E-8
3519.53125,4.76402594469107E-8
3523.4375,4.74877002347124E-8
3527.34375,4.89896145974936E-8
3531.25,5.12562192412775E-8
3535.15625,5.29802211824004E-8
3539.0625,5.39418833672755E-8
3542.96875,5.45719044363657E-8
3546.875,5.31980553997201E-8
3550.78125,5.0442283732223E-8
3554.6875,4.88680382129237E-8
3558.59375,4.97193305751097E-8
3562.5,5.02624565359243E-8
3566.40625,4.95082732462046E-8
3570.3125,4.91777930039202E-8
3574.21875,4.91571735501969E-8
3578.125,4.9176802635577E-8
3582.03125,4.84418403602205E-8
3585.9375,4.75943215470263E-8
3589.84375,4.72589999491439E-8
3593.75,4.79137165140763E-8
3597.65625,5.07055353268541E-8
3601.5625,5.14904282817771E-8
3605.46875,4.85725380108387E-8
3609.375,4.65104091535631E-8
3613.28125,4.79107814552116E-8
3617.1875,5.26742684502406E-8
3621.09375,5.63586579714128E-8
3625,5.48506962109657E-8
3628.90625,5.13845135181459E-8
3632.8125,5.04920553511086E-8
3636.71875,5.19642705906669E-8
3640.625,5.27139178609635E-8
3644.53125,5.28001477148145E-8
3648.4375,5.23156549491977E-8
3652.34375,5.17338317923535E-8
3656.25,5.31939444791935E-8
3660.15625,5.34412440247273E-8
3664.0625,5.09281356970945E-8
3667.96875,4.76288367132029E-8
3671.875,4.61544581739001E-8
3675.78125,4.81710105419723E-8
3679.6875,5.08429241969071E-8
3683.59375,5.2146445861105E-8
3687.5,5.18550464937628E-8
3691.40625,5.12416850564693E-8
3695.3125,5.10920911435205E-8
3699.21875,5.0993894523271E-8
3703.125,5.32875807400667E-8
3707.03125,5.69965173902617E-8
3710.9375,5.65100702738998E-8
3714.84375,5.19566122317317E-8
3718.75,4.89837279542871E-8
3722.65625,4.94420273615895E-8
3726.5625,5.17353134085436E-8
3730.46875,5.38796400553875E-8
3734.375,5.40965109783054E-8
3738.28125,5.21956263990566E-8
3742.1875,5.14072794100023E-8
3746.09375,5.29373769006562E-8
3750,5.32246586140456E-8
3753.90625,5.16951428637871E-8
3757.8125,5.01539574853825E-8
3761.71875,4.92446909046085E-8
3765.625,4.75762365587086E-8
3769.53125,4.4659715870857E-8
3773.4375,4.40684605115182E-8
3777.34375,4.58677557582034E-8
3781.25,4.63794914183057E-8
3785.15625,4.63518686156074E-8
3789.0625,4.78465070128872E-8
3792.96875,4.97051478757263E-8
3796.875,4.93492466867855E-8
3800.78125,4.84453905165614E-8
3804.6875,4.9512922245461E-8
3808.59375,5.05880374898063E-8
3812.5,5.20067933255334E-8
3816.40625,5.26098265607448E-8
3820.3125,5.18250197178408E-8
3824.21875,5.22673589091504E-8
3828.125,5.25846632038974E-8
3832.03125,5.1359102003659E-8
3835.9375,4.95687839030338E-8
3839.84375,4.78590704839425E-8
3843.75,4.79634026591811E-8
3847.65625,5.03439946904393E-8
3851.5625,5.17804665893812E-8
3855.46875,5.09239609015507E-8
3859.375,5.03041838000948E-8
3863.28125,5.05474391569661E-8
3867.1875,5.03123323793298E-8
3871.09375,4.9752665087667E-8
3875,4.72269630353512E-8
3878.90625,4.43684942333811E-8
3882.8125,4.45162283017175E-8
3886.71875,4.61726039465228E-8
3890.625,4.85552158519016E-8
3894.53125,4.97369955073339E-8
3898.4375,4.87008376673973E-8
3902.34375,4.94729505494071E-8
3906.25,5.22694636112931E-8
3910.15625,5.284782780917E-8
3914.0625,5.11077760431212E-8
3917.96875,4.99536801185811E-8
3921.875,5.13169555351646E-8
3925.78125,5.34873436858149E-8
3929.6875,5.22931455964706E-8
3933.59375,4.80964932485748E-8
3937.5,4.55633035199311E-8
3941.40625,4.66319387929293E-8
3945.3125,4.90101774920746E-8
3949.21875,5.07618369837012E-8
3953.125,5.13852059899645E-8
3957.03125,5.09279726710538E-8
3960.9375,4.97133886791021E-8
3964.84375,4.92773671685613E-8
3968.75,4.82539243452884E-8
3972.65625,4.67401601586109E-8
3976.5625,4.81292959957804E-8
3980.46875,5.0919806145285E-8
3984.375,5.28668031129002E-8
3988.28125,5.53310462753344E-8
3992.1875,5.75546861932971E-8
3996.09375,5.75133626710746E-8
4000,5.53157253329796E-8
4003.90625,5.27480512054777E-8
4007.8125,5.10942848818895E-8
4011.71875,5.10060577202653E-8
4015.625,5.06181565942546E-8
4019.53125,4.84810811466222E-8
4023.4375,4.78509890339866E-8
4027.34375,4.90104784886187E-8
4031.25,4.9281553593459E-8
4035.15625,4.8459294830987E-8
4039.0625,4.80685909999014E-8
4042.96875,4.8558136384525E-8
4046.875,4.92908518105932E-8
4050.78125,5.06338126193639E-8
4054.6875,5.22416503087987E-8
4058.59375,5.30887305785756E-8
4062.5,5.32354404405365E-8
4066.40625,5.28061030618898E-8
4070.3125,5.1571051251102E-8
4074.21875,5.10896129183548E-8
4078.125,5.06374374732632E-8
4082.03125,4.86424919049724E-8
4085.9375,4.75606962671875E-8
4089.84375,4.78117319083461E-8
4093.75,4.78073547493261E-8
4097.65625,4.80518662486503E-8
4101.5625,4.77149874335982E-8
4105.46875,4.75991979739581E-8
4109.375,4.98350522252946E-8
4113.28125,5.16084255511918E-8
4117.1875,5.11270143708813E-8
4121.09375,5.03827059388658E-8
4125,4.87736428414881E-8
4128.90625,4.70607667960601E-8
4132.8125,4.71638534366887E-8
4136.71875,4.73344238103146E-8
4140.625,4.76024138684518E-8
4144.53125,4.87211161950728E-8
4148.4375,5.06565705283125E-8
4152.34375,5.16483678729754E-8
4156.25,5.10207345811758E-8
4160.15625,4.81911028414686E-8
4164.0625,4.52158692612897E-8
4167.96875,4.60487626021671E-8
4171.875,4.92509015747557E-8
4175.78125,5.02587279383756E-8
4179.6875,4.71177814534661E-8
4183.59375,4.5175195232447E-8
4187.5,4.79659048566291E-8
4191.40625,5.04381627850151E-8
4195.3125,4.94671603867743E-8
4199.21875,4.85771636367028E-8
4203.125,5.08516395344254E-8
4207.03125,5.2874197850125E-8
4210.9375,5.21235846854253E-8
4214.84375,5.01148417434094E-8
4218.75,4.97866622072088E-8
4222.65625,5.20863836309779E-8
4226.5625,5.36070797772876E-8
4230.46875,5.21405203786847E-8
4234.375,4.96656786611161E-8
4238.28125,4.91171960848157E-8
4242.1875,5.09535031774251E-8
4246.09375,5.16633214225043E-8
4250,5.04759059595145E-8
4253.90625,5.11646174030785E-8
4257.8125,5.36277134035247E-8
4261.71875,5.56066826394017E-8
4265.625,5.58966240950804E-8
4269.53125,5.42747664739602E-8
4273.4375,5.13387666237146E-8
4277.34375,4.84013746782242E-8
4281.25,4.8845837164094E-8
4285.15625,5.16988108815889E-8
4289.0625,5.30744887102696E-8
4292.96875,5.25953281642092E-8
4296.875,5.10038165843327E-8
4300.78125,4.83993743995886E-8
4304.6875,4.77659542629082E-8
4308.59375,4.8661964514732E-8
4312.5,4.86142595399413E-8
4316.40625,4.92619797908786E-8
4320.3125,5.11373773862377E-8
4324.21875,5.19965579649293E-8
4328.125,5.13355407495346E-8
4332.03125,5.06095621718905E-8
4335.9375,5.08317603177006E-8
4339.84375,5.24040368200272E-8
4343.75,5.33338771586617E-8
4347.65625,5.28672798620767E-8
4351.5625,5.27835444454504E-8
4355.46875,5.37259584777614E-8
4359.375,5.37294768179582E-8
4363.28125,5.1704184817698E-8
4367.1875,4.87868017542082E-8
4371.09375,4.72546814029502E-8
4375,4.87514885197528E-8
4378.90625,5.06006791492349E-8
4382.8125,5.13542607019563E-8
4386.71875,5.15247304708453E-8
4390.625,5.05485889191146E-8
4394.53125,4.97898425241887E-8
4398.4375,4.96738842268388E-8
4402.34375,5.02100538055242E-8
4406.25,5.10382134278734E-8
4410.15625,5.01866207510881E-8
4414.0625,4.68612474107963E-8
4417.96875,4.44494302403594E-8
4421.875,4.83919698923513E-8
4425.78125,5.28043342170384E-8
4429.6875,5.31930302787713E-8
4433.59375,5.30746842511014E-8
4437.5,5.29186174171855E-8
4441.40625,5.28676864976828E-8
4445.3125,5.39052578114523E-8
4449.21875,5.43030919534201E-8
4453.125,5.29410568673677E-8
4457.03125,5.07130785693335E-8
4460.9375,4.95394079730327E-8
4464.84375,5.01387045861164E-8
4468.75,5.11083127145841E-8
4472.65625,5.03626622313496E-8
4476.5625,4.99840272307811E-8
4480.46875,5.10081185482408E-8
4484.375,5.06412611493752E-8
4488.28125,4.8556512022143E-8
4492.1875,4.82441220406582E-8
4496.09375,5.07545317577991E-8
4500,5.29042176570321E-8
4503.90625,5.1490675908175E-8
4507.8125,4.66550058551474E-8
4511.71875,4.42075108039539E-8
4515.625,4.79021547142009E-8
4519.53125,5.09874018398434E-8
4523.4375,4.89995370596695E-8
4527.34375,4.57210763217267E-8
4531.25,4.68396224360305E-8
4535.15625,5.00191964995623E-8
4539.0625,5.02360967322461E-8
4542.96875,4.93935959893654E-8
4546.875,4.98590846602847E-8
4550.78125,5.00889518485941E-8
4554.6875,5.01009174894708E-8
4558.59375,5.0805121003177E-8
4562.5,5.16111086768625E-8
4566.40625,5.12929066670734E-8
4570.3125,4.9654356097753E-8
4574.21875,4.96024646854216E-8
4578.125,5.0124186517595E-8
4582.03125,4.96682145017662E-8
4585.9375,4.93963123787822E-8
4589.84375,5.00279605043411E-8
4593.75,5.11199933507958E-8
4597.65625,5.06517059844291E-8
4601.5625,4.9422083632873E-8
4605.46875,4.9234454986437E-8
4609.375,4.94815641103954E-8
4613.28125,5.14993593552876E-8
4617.1875,5.40897739913881E-8
4621.09375,5.4083244507693E-8
4625,5.13523667829442E-8
4628.90625,4.75368024374522E-8
4632.8125,4.56385020675684E-8
4636.71875,4.62918161396094E-8
4640.625,4.64356024804717E-8
4644.53125,4.76640874166808E-8
4648.4375,5.23320610298776E-8
4652.34375,5.50297471311676E-8
4656.25,5.29677695665403E-8
4660.15625,4.98981423930665E-8
4664.0625,4.87241910980822E-8
4667.96875,4.94644254081539E-8
4671.875,5.00654088085337E-8
4675.78125,4.8307288927303E-8
4679.6875,4.62891561867969E-8
4683.59375,4.72941893128044E-8
4687.5,4.84349918020638E-8
4691.40625,4.78561398187134E-8
4695.3125,4.9195143072059E-8
4699.21875,5.07532289161163E-8
4703.125,4.97394338186197E-8
4707.03125,4.83622608204858E-8
4710.9375,4.90809877977069E-8
4714.84375,5.09237454565108E-8
4718.75,5.30449956974525E-8
4722.65625,5.38865766488503E-8
4726.5625,5.31182774603752E-8
4730.46875,5.24230624623446E-8
4734.375,5.1492432293795E-8
4738.28125,5.05375272400305E-8
4742.1875,5.05351186351862E-8
4746.09375,5.10565748769156E-8
4750,5.18863303147153E-8
4753.90625,5.28125462099886E-8
4757.8125,5.33501785446974E-8
4761.71875,5.16978731097755E-8
4765.625,4.80809792657715E-8
4769.53125,4.6520914588457E-8
4773.4375,4.73993097624039E-8
4777.34375,4.88240390038779E-8
4781.25,5.09233378552932E-8
4785.15625,5.23925660499984E-8
4789.0625,5.12001166374356E-8
4792.96875,4.8436190178334E-8
4796.875,4.75289625328968E-8
4800.78125,4.93084462402692E-8
4804.6875,5.12691299166737E-8
4808.59375,5.08965221732123E-8
4812.5,5.05458141934117E-8
4816.40625,5.30731562199912E-8
4820.3125,5.43096141149234E-8
4824.21875,5.19086819030736E-8
4828.125,4.90198689548541E-8
4832.03125,4.95745726636526E-8
4835.9375,5.20815757741538E-8
4839.84375,5.26889364693727E-8
4843.75,5.03179044814491E-8
4847.65625,4.69203420037613E-8
4851.5625,4.56717587417816E-8
4855.46875,4.76777018287089E-8
4859.375,5.1024442363455E-8
4863.28125,5.3786386735836E-8
4867.1875,5.45596421612226E-8
4871.09375,5.21758784782789E-8
4875,4.97956040979615E-8
4878.90625,5.13049469591827E-8
4882.8125,5.25455595808129E-8
4886.71875,4.97415277497198E-8
4890.625,4.67666612122605E-8
4894.53125,4.68010549841726E-8
4898.4375,4.75410392218252E-8
4902.34375,4.87716639105284E-8
4906.25,5.05656328355102E-8
4910.15625,4.97533117336732E-8
4914.0625,4.74971592140599E-8
4917.96875,4.77782953229761E-8
4921.875,4.9435780721664E-8
4925.78125,4.96404684379551E-8
4929.6875,4.81949237228192E-8
4933.59375,4.86110434860926E-8
4937.5,5.07111577803498E-8
4941.40625,5.01176580791049E-8
4945.3125,4.84239172798232E-8
4949.21875,4.84815582101363E-8
4953.125,4.86381483584526E-8
4957.03125,4.91701619794788E-8
4960.9375,5.01471579677186E-8
4964.84375,5.03404252808957E-8
4968.75,5.07193812866924E-8
4972.65625,5.113877191264E-8
4976.5625,5.08977077434304E-8
4980.46875,5.01687270005072E-8
4984.375,4.9922390952538E-8
4988.28125,5.00314544156719E-8
4992.1875,4.77918632407811E-8
4996.09375,4.50930170711136E-8
5000,4.55597516954143E-8
5003.90625,4.74082093901359E-8
5007.8125,4.85967905585675E-8
5011.71875,4.88197024991094E-8
5015.625,4.75943340073932E-8
5019.53125,4.70124966663681E-8
5023.4375,4.8862554132588E-8
5027.34375,5.17782876062272E-8
5031.25,5.35755526750992E-8
5035.15625,5.28525266896735E-8
5039.0625,5.1341273250809E-8
5042.96875,5.08474555424235E-8
5046.875,5.1083837664894E-8
5050.78125,4.95301234901989E-8
5054.6875,4.76159384924582E-8
5058.59375,4.91498319261741E-8
5062.5,5.31118937332242E-8
5066.40625,5.61482091570901E-8
5070.3125,5.63118232133437E-8
5074.21875,5.40128970277424E-8
5078.125,5.16259208119702E-8
5082.03125,5.08251914980834E-8
5085.9375,5.15832565565878E-8
5089.84375,5.1557735952698E-8
5093.75,4.91871289210264E-8
5097.65625,4.78613643942506E-8
5101.5625,4.94253054071683E-8
5105.46875,5.04875273467601E-8
5109.375,5.04441442207567E-8
5113.28125,5.14193707715598E-8
5117.1875,5.21954957367566E-8
5121.09375,5.08188493898305E-8
5125,5.00290658987741E-8
5128.90625,5.1627775978676E-8
5132.8125,5.2812588319482E-8
5136.71875,5.23715278923746E-8
5140.625,5.33943715161852E-8
5144.53125,5.48839679938695E-8
5148.4375,5.41744296712657E-8
5152.34375,5.19614715970644E-8
5156.25,4.9716196443935E-8
5160.15625,4.72897720877487E-8
5164.0625,4.67165511993316E-8
5167.96875,4.94585787905374E-8
5171.875,5.03399658335599E-8
5175.78125,4.93539001517867E-8
5179.6875,5.04431537322432E-8
5183.59375,5.16544186981208E-8
5187.5,5.03628977397105E-8
5191.40625,4.75396155671746E-8
5195.3125,4.71921319582137E-8
5199.21875,4.93110470547456E-8
5203.125,5.02180139475058E-8
5207.03125,4.86236853626467E-8
5210.9375,4.8078970282935E-8
5214.84375,4.98598845507732E-8
5218.75,5.01115992113516E-8
5222.65625,4.98042362782812E-8
5226.5625,5.16231034731185E-8
5230.46875,5.22339048904306E-8
5234.375,4.99793968382114E-8
5238.28125,4.80649883358729E-8
5242.1875,4.7970905769338E-8
5246.09375,4.86265072650279E-8
5250,5.03039273857662E-8
5253.90625,5.17700261078885E-8
5257.8125,5.12378598903536E-8
5261.71875,4.97626528938951E-8
5265.625,4.9054591551664E-8
5269.53125,4.92246069852577E-8
5273.4375,4.8459287182263E-8
5277.34375,4.72079082089312E-8
5281.25,4.72271404067745E-8
5285.15625,4.87661127478506E-8
5289.0625,5.11418797431947E-8
5292.96875,5.28151793923845E-8
5296.875,5.26654718711579E-8
5300.78125,5.19253507671477E-8
5304.6875,5.09692918104339E-8
5308.59375,4.92393827649453E-8
5312.5,4.76806527898915E-8
5316.40625,4.77379224855922E-8
5320.3125,4.87535366927411E-8
5324.21875,4.86194392419791E-8
5328.125,4.82097152452922E-8
5332.03125,4.84623129232573E-8
5335.9375,4.84190228657583E-8
5339.84375,4.73742783220972E-8
5343.75,4.54125100094178E-8
5347.65625,4.55673935511089E-8
5351.5625,4.7771149907238E-8
5355.46875,4.75295240172299E-8
5359.375,4.55137025983562E-8
5363.28125,4.58974110750022E-8
5367.1875,4.68467991671876E-8
5371.09375,4.60119457249583E-8
5375,4.58410002482359E-8
5378.90625,4.67330812611566E-8
5382.8125,4.91654941393886E-8
5386.71875,5.18068247358402E-8
5390.625,5.04572656233843E-8
5394.53125,4.76371705990753E-8
5398.4375,4.67213447101581E-8
5402.34375,4.69400110348201E-8
5406.25,4.72315917404643E-8
5410.15625,4.81785397892594E-8
5414.0625,4.98443795540556E-8
5417.96875,5.00312825410922E-8
5421.875,5.05435907831868E-8
5425.78125,5.19688525116616E-8
5429.6875,5.36686916565046E-8
5433.59375,5.47071609182845E-8
5437.5,5.44281596542848E-8
5441.40625,5.29678759312387E-8
5445.3125,5.25406498288247E-8
5449.21875,5.57238310882633E-8
5453.125,5.71197783607928E-8
5457.03125,5.39427821279603E-8
5460.9375,5.02967708355893E-8
5464.84375,4.74724510780121E-8
5468.75,4.67821546908249E-8
5472.65625,4.80895600540811E-8
5476.5625,5.03062439091623E-8
5480.46875,5.35774316524118E-8
5484.375,5.48260394312252E-8
5488.28125,5.42108815761256E-8
5492.1875,5.47100768849673E-8
5496.09375,5.41836899685158E-8
5500,5.27885383323254E-8
5503.90625,5.4166205178302E-8
5507.8125,5.57044662928305E-8
5511.71875,5.42956842958964E-8
5515.625,5.1422539489558E-8
5519.53125,4.96713083803754E-8
5523.4375,4.98047259708571E-8
5527.34375,5.1442758174623E-8
5531.25,5.3511628189957E-8
5535.15625,5.29958732092808E-8
5539.0625,5.08553304917385E-8
5542.96875,5.12616106534738E-8
5546.875,5.15726180380978E-8
5550.78125,4.91818447141826E-8
5554.6875,4.89669933121641E-8
5558.59375,5.01213409683901E-8
5562.5,5.02867181125813E-8
5566.40625,4.93063233929011E-8
5570.3125,4.72529934076599E-8
5574.21875,4.79102074189881E-8
5578.125,5.15996512733913E-8
5582.03125,5.44036329463707E-8
5585.9375,5.36272904137184E-8
5589.84375,5.15847051340351E-8
5593.75,5.19049487375964E-8
5597.65625,5.29930000070058E-8
5601.5625,5.30343820253399E-8
5605.46875,5.10661770099552E-8
5609.375,4.8518229121902E-8
5613.28125,4.87381482009468E-8
5617.1875,5.00795679341562E-8
5621.09375,5.17182335592905E-8
5625,5.25006210541181E-8
5628.90625,5.21842518728426E-8
5632.8125,5.21198555342506E-8
5636.71875,5.15693579176891E-8
5640.625,5.01248165393907E-8
5644.53125,4.95074856430241E-8
5648.4375,5.06095885373809E-8
5652.34375,5.30206820210665E-8
5656.25,5.30606984712385E-8
5660.15625,4.9225343394779E-8
5664.0625,4.65032825298982E-8
5667.96875,4.75457807914721E-8
5671.875,4.94344161321459E-8
5675.78125,5.0024051420344E-8
5679.6875,5.04295964864438E-8
5683.59375,5.25209328361237E-8
5687.5,5.39926934352323E-8
5691.40625,5.19114666068456E-8
5695.3125,4.9366599565358E-8
5699.21875,5.05157546790431E-8
5703.125,5.25247944045822E-8
5707.03125,5.35292353907707E-8
5710.9375,5.47792367562554E-8
5714.84375,5.40869726050068E-8
5718.75,5.06610483056039E-8
5722.65625,4.79566511750166E-8
5726.5625,4.86101010459353E-8
5730.46875,5.09949092029489E-8
5734.375,5.28553037420344E-8
5738.28125,5.33304272411655E-8
5742.1875,5.11573349163173E-8
5746.09375,4.83166426887763E-8
5750,4.85181206418375E-8
5753.90625,4.97489325541721E-8
5757.8125,4.97090059825277E-8
5761.71875,5.02937758649265E-8
5765.625,5.08535550172749E-8
5769.53125,5.0247596547139E-8
5773.4375,5.00032561232389E-8
5777.34375,5.07516397545278E-8
5781.25,5.22093384413189E-8
5785.15625,5.27016396364245E-8
5789.0625,5.23755250283003E-8
5792.96875,5.37293636827606E-8
5796.875,5.55995446598925E-8
5800.78125,5.54725530347729E-8
5804.6875,5.23234137680285E-8
5808.59375,4.89322282496216E-8
5812.5,5.11765662020451E-8
5816.40625,5.48615827606415E-8
5820.3125,5.38123271563193E-8
5824.21875,5.11706182277526E-8
5828.125,5.0158905772147E-8
5832.03125,5.04352261842362E-8
5835.9375,5.07638142670899E-8
5839.84375,5.00685536528273E-8
5843.75,4.8087573011711E-8
5847.65625,4.52555763386401E-8
5851.5625,4.33420620696831E-8
5855.46875,4.58893169379872E-8
5859.375,5.00523594439222E-8
5863.28125,5.09010516600195E-8
5867.1875,4.9673664852303E-8
5871.09375,4.98656246523351E-8
5875,5.20907043456845E-8
5878.90625,5.24023505988418E-8
5882.8125,5.06371329720954E-8
5886.71875,5.01805318008936E-8
5890.625,5.00400710946861E-8
5894.53125,4.90919503340234E-8
5898.4375,4.85512401033151E-8
5902.34375,4.84447784392017E-8
5906.25,4.76647468450271E-8
5910.15625,4.77998523311087E-8
5914.0625,5.06221955272864E-8
5917.96875,5.26764525890816E-8
5921.875,5.12823553599966E-8
5925.78125,4.83609211225294E-8
5929.6875,4.80265297267463E-8
5933.59375,5.01884198191426E-8
5937.5,5.21782397581459E-8
5941.40625,5.30830974114442E-8
5945.3125,5.38321798152868E-8
5949.21875,5.45331219858106E-8
5953.125,5.18911676901552E-8
5957.03125,4.80794374598803E-8
5960.9375,4.92872241804373E-8
5964.84375,5.28486245442923E-8
5968.75,5.31667877001842E-8
5972.65625,5.16527654121037E-8
5976.5625,5.15141805978006E-8
5980.46875,5.13047013261559E-8
5984.375,4.94957958991813E-8
5988.28125,4.80583914912527E-8
5992.1875,4.79498987402237E-8
5996.09375,4.90360836534256E-8
6000,5.14814121422109E-8
6003.90625,5.45880452474261E-8
6007.8125,5.74867092820999E-8
6011.71875,5.84271098020643E-8
6015.625,5.57313654932404E-8
6019.53125,5.06221398806523E-8
6023.4375,4.72375711864347E-8
6027.34375,4.67974402795813E-8
6031.25,4.74567986978564E-8
6035.15625,4.92149965086404E-8
6039.0625,5.10446444622302E-8
6042.96875,5.21229987342587E-8
6046.875,5.24325670393521E-8
6050.78125,5.22699458087463E-8
6054.6875,5.156806991209E-8
6058.59375,5.07986975872338E-8
6062.5,5.09306159574903E-8
6066.40625,5.12884696010448E-8
6070.3125,5.2117076275528E-8
6074.21875,5.25370434083765E-8
6078.125,5.10389105981281E-8
6082.03125,4.84810750303928E-8
6085.9375,4.70024875103582E-8
6089.84375,4.75339704269651E-8
6093.75,4.72785092749754E-8
6097.65625,4.65117081184932E-8
6101.5625,4.91954354026425E-8
6105.46875,5.15956601209764E-8
6109.375,4.98396305837354E-8
6113.28125,4.81282963739326E-8
6117.1875,4.99974324831625E-8
6121.09375,5.20819429973455E-8
6125,4.99470017543896E-8
6128.90625,4.69933359488062E-8
6132.8125,4.76251027215777E-8
6136.71875,4.89198009729826E-8
6140.625,4.96044597884001E-8
6144.53125,4.93221824018235E-8
6148.4375,4.82408705543242E-8
6152.34375,4.71845395740261E-8
6156.25,4.69344943653854E-8
6160.15625,4.86377353203246E-8
6164.0625,5.23659336544972E-8
6167.96875,5.4078334540389E-8
6171.875,5.19610264832698E-8
6175.78125,4.99011878486635E-8
6179.6875,5.09988601558061E-8
6183.59375,5.34402591480953E-8
6187.5,5.46991466293304E-8
6191.40625,5.45140930109272E-8
6195.3125,5.29316884122441E-8
6199.21875,5.04957050616404E-8
6203.125,4.95882665003289E-8
6207.03125,5.03212869267526E-8
6210.9375,5.04065331528793E-8
6214.84375,5.09576202723831E-8
6218.75,5.28208944623997E-8
6222.65625,5.3541800110616E-8
6226.5625,5.31543379495371E-8
6230.46875,5.38479641611068E-8
6234.375,5.5846391425392E-8
6238.28125,5.58822647619166E-8
6242.1875,5.36096435129047E-8
6246.09375,5.18618422177988E-8
6250,5.02507535929128E-8
6253.90625,4.86051475972676E-8
6257.8125,4.78991028743624E-8
6261.71875,4.8077917190861E-8
6265.625,4.87341888971505E-8
6269.53125,4.92532375233144E-8
6273.4375,5.00028499137324E-8
6277.34375,5.34354732215493E-8
6281.25,5.54187632109719E-8
6285.15625,5.36840932438462E-8
6289.0625,5.22245373316253E-8
6292.96875,5.15609191709312E-8
6296.875,5.13762839302416E-8
6300.78125,5.14249007638989E-8
6304.6875,5.09397819751823E-8
6308.59375,5.01787531325889E-8
6312.5,4.85604934453338E-8
6316.40625,4.69522613133425E-8
6320.3125,4.7047668720121E-8
6324.21875,4.73691972072185E-8
6328.125,4.7974785908234E-8
6332.03125,5.01505903612089E-8
6335.9375,5.26139126731036E-8
6339.84375,5.34064988092034E-8
6343.75,5.24581453342487E-8
6347.65625,5.01588259649435E-8
6351.5625,4.88544171415652E-8
6355.46875,4.93905477524297E-8
6359.375,5.00022717266268E-8
6363.28125,5.02509807745379E-8
6367.1875,5.17145525845812E-8
6371.09375,5.29055544022324E-8
6375,5.1737491335971E-8
6378.90625,5.01791845097629E-8
6382.8125,5.12845958875502E-8
6386.71875,5.28349689750919E-8
6390.625,5.16580953476461E-8
6394.53125,4.98638689442005E-8
6398.4375,4.92789241449791E-8
6402.34375,4.84793915089203E-8
6406.25,4.78766692883679E-8
6410.15625,5.012586655812E-8
6414.0625,5.3066264169174E-8
6417.96875,5.40589013904545E-8
6421.875,5.4051213400584E-8
6425.78125,5.27048437834259E-8
6429.6875,5.16041305361194E-8
6433.59375,5.30889930913709E-8
6437.5,5.46963818744449E-8
6441.40625,5.40645316077443E-8
6445.3125,5.28730173414312E-8
6449.21875,5.18686256179191E-8
6453.125,4.98111510654105E-8
6457.03125,4.79586931046183E-8
6460.9375,4.91474548630209E-8
6464.84375,5.09727270157629E-8
6468.75,5.07351872550372E-8
6472.65625,5.01853474800437E-8
6476.5625,4.98951175517168E-8
6480.46875,4.77901430308861E-8
6484.375,4.42656248594001E-8
6488.28125,4.35887561331049E-8
6492.1875,4.72421109793998E-8
6496.09375,5.31774167660524E-8
6500,5.70735006434863E-8
6503.90625,5.73480241728846E-8
6507.8125,5.452045124376E-8
6511.71875,4.93389152671591E-8
6515.625,4.52627700292826E-8
6519.53125,4.45401098102506E-8
6523.4375,4.61734291687407E-8
6527.34375,4.9007916177518E-8
6531.25,5.22063850331586E-8
6535.15625,5.3039139851833E-8
6539.0625,5.20825123305083E-8
6542.96875,5.16405937611799E-8
6546.875,5.12736554030858E-8
6550.78125,5.06978827594873E-8
6554.6875,4.96754675748594E-8
6558.59375,4.86815755205979E-8
6562.5,4.81401949933956E-8
6566.40625,4.88983935641216E-8
6570.3125,4.92142539191834E-8
6574.21875,4.76022207651801E-8
6578.125,4.81556437173869E-8
6582.03125,4.94530207905979E-8
6585.9375,4.91347093700948E-8
6589.84375,4.92503220858293E-8
6593.75,4.9922768118716E-8
6597.65625,5.00816491243225E-8
6601.5625,5.11820384231186E-8
6605.46875,5.13501436486466E-8
6609.375,4.96030609830341E-8
6613.28125,4.78840528507327E-8
6617.1875,4.83016644439031E-8
6621.09375,5.19671407578137E-8
6625,5.52961210950573E-8
6628.90625,5.51742382339802E-8
6632.8125,5.31220676970548E-8
6636.71875,5.12017584787614E-8
6640.625,5.11040888127559E-8
6644.53125,5.32945220637842E-8
6648.4375,5.65297780607203E-8
6652.34375,5.72297782410523E-8
6656.25,5.58670312939387E-8
6660.15625,5.53438555822411E-8
6664.0625,5.32029072707372E-8
6667.96875,5.0693329270075E-8
6671.875,4.92727696641376E-8
6675.78125,4.87724649160658E-8
6679.6875,4.90053643213351E-8
6683.59375,4.89201798076262E-8
6687.5,4.92692354923221E-8
6691.40625,5.01563075390702E-8
6695.3125,5.02283195121873E-8
6699.21875,4.83381160391285E-8
6703.125,4.66176468752137E-8
6707.03125,4.83161900796126E-8
6710.9375,5.22391386371666E-8
6714.84375,5.36991949932009E-8
6718.75,5.29920991266967E-8
6722.65625,5.25910799181771E-8
6726.5625,5.23213707428928E-8
6730.46875,5.21162512879134E-8
6734.375,5.1052239242964E-8
6738.28125,5.0340728631646E-8
6742.1875,5.24837478869439E-8
6746.09375,5.56783635957525E-8
6750,5.65071920943862E-8
6753.90625,5.60284842562193E-8
6757.8125,5.64313883641364E-8
6761.71875,5.5267421983678E-8
6765.625,5.18555496994839E-8
6769.53125,5.12758500478778E-8
6773.4375,5.4758999129424E-8
6777.34375,5.76252021281683E-8
6781.25,5.70338899260179E-8
6785.15625,5.41517237513599E-8
6789.0625,5.22842451960232E-8
6792.96875,5.41166429364176E-8
6796.875,5.55501002597726E-8
6800.78125,5.21703343073476E-8
6804.6875,4.84556921483439E-8
6808.59375,4.89016286178603E-8
6812.5,5.08276213602217E-8
6816.40625,5.24468503574685E-8
6820.3125,5.26961761024496E-8
6824.21875,5.18237638141289E-8
6828.125,5.1853288094517E-8
6832.03125,5.23409986208989E-8
6835.9375,5.10028195233372E-8
6839.84375,4.78528263399076E-8
6843.75,4.7383314067979E-8
6847.65625,4.95340925052918E-8
6851.5625,5.01333639399579E-8
6855.46875,5.10325950499594E-8
6859.375,5.2123766727165E-8
6863.28125,5.26002271752095E-8
6867.1875,5.387835499537E-8
6871.09375,5.38370984626315E-8
6875,5.17712317674434E-8
6878.90625,4.9650242912419E-8
6882.8125,4.83721587201766E-8
6886.71875,4.79817650416203E-8
6890.625,4.90045761990005E-8
6894.53125,5.22278899752675E-8
6898.4375,5.54146538288617E-8
6902.34375,5.57874477726273E-8
6906.25,5.45100051839001E-8
6910.15625,5.35760314193156E-8
6914.0625,5.25675236931941E-8
6917.96875,5.19169984418768E-8
6921.875,5.22327553259253E-8
6925.78125,5.18201246684088E-8
6929.6875,5.04540509749585E-8
6933.59375,4.96690562707464E-8
6937.5,4.91659298835249E-8
6941.40625,4.89480933644356E-8
6945.3125,4.94634572644144E-8
6949.21875,5.05242623529973E-8
6953.125,5.16842978893648E-8
6957.03125,5.19242400567313E-8
6960.9375,5.1788228292858E-8
6964.84375,5.11023858085291E-8
6968.75,5.02259728279118E-8
6972.65625,5.00103390564044E-8
6976.5625,4.87423657301351E-8
6980.46875,4.66563135052211E-8
6984.375,4.81086786364106E-8
6988.28125,5.11405287878194E-8
6992.1875,5.0922257696288E-8
6996.09375,4.91914661885541E-8
7000,5.00000241460618E-8
7003.90625,5.19891496143052E-8
7007.8125,5.24179234475953E-8
7011.71875,5.20255738216301E-8
7015.625,5.27600432407322E-8
7019.53125,5.42264271862499E-8
7023.4375,5.38000763927057E-8
7027.34375,5.11856881765015E-8
7031.25,4.80455298992068E-8
7035.15625,4.62588369777511E-8
7039.0625,4.71856126045735E-8
7042.96875,4.87514003262589E-8
7046.875,4.92345423146384E-8
7050.78125,5.05165647159228E-8
7054.6875,5.07578003994788E-8
7058.59375,4.95694224794206E-8
7062.5,4.90797507908079E-8
7066.40625,4.86872459480234E-8
7070.3125,4.93575814557489E-8
7074.21875,5.0692010231747E-8
7078.125,4.99951698575449E-8
7082.03125,4.78581937815509E-8
7085.9375,4.84932448001857E-8
7089.84375,5.2783474224325E-8
7093.75,5.55757830110214E-8
7097.65625,5.50844982032447E-8
7101.5625,5.44360313595784E-8
7105.46875,5.27839489173136E-8
7109.375,5.02302853293388E-8
7113.28125,4.76883915876797E-8
7117.1875,4.52141838481855E-8
7121.09375,4.44030744236148E-8
7125,4.70938029984447E-8
7128.90625,5.0899886557225E-8
7132.8125,5.18906962587494E-8
7136.71875,5.0319560375938E-8
7140.625,4.99623932993841E-8
7144.53125,5.10860694859688E-8
7148.4375,5.15731354985757E-8
7152.34375,5.25765114943663E-8
7156.25,5.3462274438335E-8
7160.15625,5.17980382691319E-8
7164.0625,4.89965112091454E-8
7167.96875,4.83316040215175E-8
7171.875,4.9662609807341E-8
7175.78125,5.1765469549436E-8
7179.6875,5.27548696034552E-8
7183.59375,5.19556477234896E-8
7187.5,5.15911858703484E-8
7191.40625,5.20809921970881E-8
7195.3125,5.15272510700348E-8
7199.21875,5.03102813603535E-8
7203.125,4.92605215999743E-8
7207.03125,4.86246626039959E-8
7210.9375,4.85405555744144E-8
7214.84375,4.76119356912272E-8
7218.75,4.70657016541437E-8
7222.65625,4.84284040293099E-8
7226.5625,5.1279860308955E-8
7230.46875,5.31815986597004E-8
7234.375,5.10818002086325E-8
7238.28125,4.88186304606086E-8
7242.1875,4.94670015373579E-8
7246.09375,4.97944131296205E-8
7250,4.94881090545636E-8
7253.90625,4.96941550286439E-8
7257.8125,4.9613138673412E-8
7261.71875,4.81491547485314E-8
7265.625,4.81275169933418E-8
7269.53125,5.09198410850833E-8
7273.4375,5.38005200700272E-8
7277.34375,5.44842227796064E-8
7281.25,5.23184548309752E-8
7285.15625,4.95482957412138E-8
7289.0625,4.72990402610096E-8
7292.96875,4.57581936542514E-8
7296.875,4.69256281155842E-8
7300.78125,4.91120371820583E-8
7304.6875,4.97584279866394E-8
7308.59375,4.90956558093348E-8
7312.5,4.80002779258919E-8
7316.40625,4.74227914098268E-8
7320.3125,4.75764157442567E-8
7324.21875,4.78684343984747E-8
7328.125,4.81033345210518E-8
7332.03125,4.8181103127123E-8
7335.9375,4.70943570783344E-8
7339.84375,4.56299526070662E-8
7343.75,4.51737642992248E-8
7347.65625,4.76942655818691E-8
7351.5625,5.27563000623349E-8
7355.46875,5.58306595517068E-8
7359.375,5.53508229645575E-8
7363.28125,5.21153238724513E-8
7367.1875,4.83498848298708E-8
7371.09375,4.70984148852013E-8
7375,4.69977210972514E-8
7378.90625,4.64480767639683E-8
7382.8125,4.68702049197889E-8
7386.71875,4.78982269047012E-8
7390.625,4.86111639585173E-8
7394.53125,4.95929124850914E-8
7398.4375,4.97902519603505E-8
7402.34375,4.90219830362408E-8
7406.25,4.93919090513539E-8
7410.15625,5.04799474630463E-8
7414.0625,5.07167445308498E-8
7417.96875,4.95859702544686E-8
7421.875,4.84161704970179E-8
7425.78125,4.9070454872137E-8
7429.6875,5.03015400172131E-8
7433.59375,5.02294883857122E-8
7437.5,4.86069929989044E-8
7441.40625,4.69029312238619E-8
7445.3125,4.63280969844546E-8
7449.21875,4.74990320558447E-8
7453.125,4.95935193608693E-8
7457.03125,4.81495981507506E-8
7460.9375,4.53540446953473E-8
7464.84375,4.7277485392402E-8
7468.75,4.98357558145506E-8
7472.65625,4.88962134962354E-8
7476.5625,4.74847013761586E-8
7480.46875,4.84114008630729E-8
7484.375,4.96353698960735E-8
7488.28125,4.96377654097969E-8
7492.1875,4.91187143713618E-8
7496.09375,4.98492544748017E-8
7500,5.13356938170802E-8
7503.90625,5.16304408692972E-8
7507.8125,5.04260625378379E-8
7511.71875,4.94453572808632E-8
7515.625,5.04081508414961E-8
7519.53125,5.2394221459231E-8
7523.4375,5.37564100131438E-8
7527.34375,5.38898781646909E-8
7531.25,5.36451995916605E-8
7535.15625,5.2856476231446E-8
7539.0625,5.13922052020824E-8
7542.96875,5.12625650826055E-8
7546.875,5.05753545612699E-8
7550.78125,4.740048740527E-8
7554.6875,4.49514733658162E-8
7558.59375,4.65739553469562E-8
7562.5,4.86697117757852E-8
7566.40625,4.88013257777674E-8
7570.3125,4.71036385213702E-8
7574.21875,4.51641437066626E-8
7578.125,4.5864145079758E-8
7582.03125,4.89756640721284E-8
7585.9375,5.13470166617976E-8
7589.84375,5.02727559393114E-8
7593.75,4.87474268917846E-8
7597.65625,4.89103882630994E-8
7601.5625,4.86411233486584E-8
7605.46875,4.87428980284739E-8
7609.375,4.95593463700598E-8
7613.28125,5.00390548304331E-8
7617.1875,4.86626591681021E-8
7621.09375,4.48891412590071E-8
7625,4.39682966508762E-8
7628.90625,4.6602692034347E-8
7632.8125,4.72978224768439E-8
7636.71875,4.7850211333502E-8
7640.625,5.08096382123056E-8
7644.53125,5.23142436159532E-8
7648.4375,5.10397500946721E-8
7652.34375,4.95647234415092E-8
7656.25,4.98295034883753E-8
7660.15625,5.12890882117787E-8
7664.0625,5.19232378271979E-8
7667.96875,5.2039464575125E-8
7671.875,5.1741878435112E-8
7675.78125,5.209263403529E-8
7679.6875,5.29666779165019E-8
7683.59375,5.16863115953847E-8
7687.5,4.78783414886158E-8
7691.40625,4.52128180928475E-8
7695.3125,4.4634460097592E-8
7699.21875,4.53430187771641E-8
7703.125,4.82358622834455E-8
7707.03125,5.15218241474941E-8
7710.9375,5.24253532201742E-8
7714.84375,5.0252281885878E-8
7718.75,4.75789647803591E-8
7722.65625,4.8449176043216E-8
7726.5625,5.20240691235686E-8
7730.46875,5.44295761004732E-8
7734.375,5.71538822886737E-8
7738.28125,5.83743458992849E-8
7742.1875,5.52580293832625E-8
7746.09375,5.32589350853035E-8
7750,5.48716133389322E-8
7753.90625,5.45218734501327E-8
7757.8125,5.07997161657991E-8
7761.71875,4.87788603290592E-8
7765.625,4.98078128582029E-8
7769.53125,5.12107341056428E-8
7773.4375,5.13438606084824E-8
7777.34375,5.11239433369927E-8
7781.25,5.09722238206489E-8
7785.15625,5.00866607963818E-8
7789.0625,4.97574044801649E-8
7792.96875,4.8839110524784E-8
7796.875,4.61560225240995E-8
7800.78125,4.57799197846567E-8
7804.6875,4.7915115129376E-8
7808.59375,4.96073469414119E-8
7812.5,5.06854525516955E-8
7816.40625,5.03997471187737E-8
7820.3125,5.02407978984436E-8
7824.21875,5.15236226342496E-8
7828.125,5.15892115593091E-8
7832.03125,4.96512447395823E-8
7835.9375,4.74381534156928E-8
7839.84375,4.73159057769634E-8
7843.75,4.95898301589823E-8
7847.65625,5.19950894958585E-8
7851.5625,5.17539976184504E-8
7855.46875,4.91711419283835E-8
7859.375,4.89391662726834E-8
7863.28125,5.35735075866062E-8
7867.1875,5.69885518864092E-8
7871.09375,5.6221878978084E-8
7875,5.38006799031969E-8
7878.90625,5.11822469874659E-8
7882.8125,4.89823749856669E-8
7886.71875,4.77927116894071E-8
7890.625,4.74839785620397E-8
7894.53125,4.88222336920737E-8
7898.4375,5.01258990935603E-8
7902.34375,4.93098203292871E-8
7906.25,4.94734749871892E-8
7910.15625,5.04500720496633E-8
7914.0625,5.0069101463317E-8
7917.96875,5.02874610805268E-8
7921.875,5.05187658374937E-8
7925.78125,4.82902830286085E-8
7929.6875,4.59807730578231E-8
7933.59375,4.71762451514885E-8
7937.5,5.02918184255237E-8
7941.40625,5.16132114144753E-8
7945.3125,5.12947767681957E-8
7949.21875,5.19464040870218E-8
7953.125,5.27711194698305E-8
7957.03125,5.16338608021738E-8
7960.9375,5.05265658402469E-8
7964.84375,5.01228022165387E-8
7968.75,5.01002398186629E-8
7972.65625,5.17718761107997E-8
7976.5625,5.37383999512429E-8
7980.46875,5.30835303235283E-8
7984.375,5.09136563673172E-8
7988.28125,5.14229661991747E-8
7992.1875,5.33015514930836E-8
7996.09375,5.28727229111658E-8
8000,4.97238465375344E-8
8003.90625,4.55469380948883E-8
8007.8125,4.45251481161432E-8
8011.71875,4.61285053521884E-8
8015.625,4.63185833155261E-8
8019.53125,4.68458054098026E-8
8023.4375,4.92218012995721E-8
8027.34375,5.08485402061583E-8
8031.25,5.11163389067424E-8
8035.15625,5.08053632151484E-8
8039.0625,4.930197818659E-8
8042.96875,4.77016105540255E-8
8046.875,4.759473117988E-8
8050.78125,5.00935573160846E-8
8054.6875,5.53820943960504E-8
8058.59375,5.79839747939588E-8
8062.5,5.59765688794237E-8
8066.40625,5.33736532383636E-8
8070.3125,5.27884484577713E-8
8074.21875,5.40406299975988E-8
8078.125,5.60642014115188E-8
8082.03125,5.6991535829006E-8
8085.9375,5.63039636015952E-8
8089.84375,5.43849675853286E-8
8093.75,5.21061427069018E-8
8097.65625,5.07510584127657E-8
8101.5625,4.93027931298905E-8
8105.46875,4.7944714735627E-8
8109.375,4.86694269494481E-8
8113.28125,5.02932599809111E-8
8117.1875,5.17649081857619E-8
8121.09375,5.17415689719915E-8
8125,5.09962407576819E-8
8128.90625,5.15690704192282E-8
8132.8125,5.16650030672783E-8
8136.71875,5.08872842661886E-8
8140.625,5.19336075404242E-8
8144.53125,5.42251585471065E-8
8148.4375,5.43432881117124E-8
8152.34375,5.15374731952133E-8
8156.25,4.85879835308017E-8
8160.15625,4.65230099731635E-8
8164.0625,4.61554330883091E-8
8167.96875,4.93999695135618E-8
8171.875,5.21788648685005E-8
8175.78125,5.23402281501883E-8
8179.6875,5.12871976676825E-8
8183.59375,5.17284638023259E-8
8187.5,5.37984366838994E-8
8191.40625,5.57930683125775E-8
8195.3125,5.69770360971862E-8
8199.21875,5.60763990739591E-8
8203.125,5.40818820433062E-8
8207.03125,5.17567448117386E-8
8210.9375,4.96102503632051E-8
8214.84375,4.85280509102357E-8
8218.75,4.76649536921334E-8
8222.65625,4.79013623687926E-8
8226.5625,4.82891823503294E-8
8230.46875,4.7148711795381E-8
8234.375,4.63879986193719E-8
8238.28125,4.70457526987367E-8
8242.1875,4.81687513843945E-8
8246.09375,4.90854220375568E-8
8250,4.95582005820798E-8
8253.90625,4.98975897343695E-8
8257.8125,4.96149600303865E-8
8261.71875,4.8055945014754E-8
8265.625,4.68365694203298E-8
8269.53125,4.86342434076353E-8
8273.4375,5.09932374419927E-8
8277.34375,5.21255160021005E-8
8281.25,5.21554380013667E-8
8285.15625,5.15082514612091E-8
8289.0625,5.10027294089923E-8
8292.96875,4.92941302847847E-8
8296.875,4.82630672708376E-8
8300.78125,4.88796612150793E-8
8304.6875,4.88129373291179E-8
8308.59375,4.92470422005135E-8
8312.5,5.04831633992795E-8
8316.40625,5.11138154476474E-8
8320.3125,4.93545370024688E-8
8324.21875,4.68099606657686E-8
8328.125,4.73382433693359E-8
8332.03125,4.91424937307849E-8
8335.9375,5.01302438640147E-8
8339.84375,4.96968728895575E-8
8343.75,4.75819732774563E-8
8347.65625,4.65291601391376E-8
8351.5625,4.7412229391065E-8
8355.46875,4.85529913660242E-8
8359.375,4.94421158224978E-8
8363.28125,4.98033759556517E-8
8367.1875,4.89812974268773E-8
8371.09375,4.71058039807303E-8
8375,4.60444223153209E-8
8378.90625,4.71743312095083E-8
8382.8125,4.854595692288E-8
8386.71875,4.82328945722896E-8
8390.625,4.7478025464867E-8
8394.53125,4.72939745743566E-8
8398.4375,4.66730602614111E-8
8402.34375,4.61390093760496E-8
8406.25,4.6830799959266E-8
8410.15625,4.74505937914412E-8
8414.0625,4.63022975242698E-8
8417.96875,4.5173531275991E-8
8421.875,4.54262101175757E-8
8425.78125,4.54587219501104E-8
8429.6875,4.62543625474194E-8
8433.59375,4.88395431095614E-8
8437.5,5.07237599863526E-8
8441.40625,4.97283352571444E-8
8445.3125,4.88994850775913E-8
8449.21875,4.92942836759438E-8
8453.125,5.17364883544658E-8
8457.03125,5.59065326160973E-8
8460.9375,5.55390229936181E-8
8464.84375,5.06115073223084E-8
8468.75,4.83247275686899E-8
8472.65625,5.02097939576629E-8
8476.5625,5.20239665289342E-8
8480.46875,5.21062280676105E-8
8484.375,5.06526836137894E-8
8488.28125,4.8824228793083E-8
8492.1875,4.94358646951732E-8
8496.09375,5.08016773827649E-8
8500,5.14400374457173E-8
8503.90625,5.23342226220899E-8
8507.8125,5.28256883566029E-8
8511.71875,5.28355273878887E-8
8515.625,5.25337866939453E-8
8519.53125,5.16292462801665E-8
8523.4375,4.94443842659594E-8
8527.34375,4.70568869065563E-8
8531.25,4.79001831117091E-8
8535.15625,5.05428574470196E-8
8539.0625,5.15599760156467E-8
8542.96875,5.05640113887806E-8
8546.875,4.86772689652629E-8
8550.78125,4.85101398162841E-8
8554.6875,4.95532611248961E-8
8558.59375,4.99048629461297E-8
8562.5,4.96609693257209E-8
8566.40625,4.98549407842281E-8
8570.3125,5.07565969562479E-8
8574.21875,5.18465541606199E-8
8578.125,5.2293063376066E-8
8582.03125,5.20639403196149E-8
8585.9375,4.99753860554045E-8
8589.84375,4.69633087717853E-8
8593.75,4.63802154621605E-8
8597.65625,4.80671660058274E-8
8601.5625,4.96428174141638E-8
8605.46875,5.06263747075778E-8
8609.375,4.98725012000793E-8
8613.28125,4.71251612201618E-8
8617.1875,4.56786791641301E-8
8621.09375,4.69068301692817E-8
8625,4.81680296012273E-8
8628.90625,4.90473751333584E-8
8632.8125,5.00780432520466E-8
8636.71875,5.03820732564919E-8
8640.625,5.04724075654559E-8
8644.53125,5.08905909945059E-8
8648.4375,5.17426348927258E-8
8652.34375,5.3200050823564E-8
8656.25,5.41089631506676E-8
8660.15625,5.27676018529725E-8
8664.0625,5.01976622900346E-8
8667.96875,4.94092664509349E-8
8671.875,5.02844124834336E-8
8675.78125,5.20983173812599E-8
8679.6875,5.38579082361263E-8
8683.59375,5.23806285764452E-8
8687.5,4.97221633495703E-8
8691.40625,4.91331991216324E-8
8695.3125,4.93536448084034E-8
8699.21875,5.04551205882131E-8
8703.125,5.09105404292438E-8
8707.03125,5.04695669613429E-8
8710.9375,5.01576406652315E-8
8714.84375,4.98609446089161E-8
8718.75,5.03700448946116E-8
8722.65625,5.17878074556962E-8
8726.5625,5.15722615623038E-8
8730.46875,4.85685667328239E-8
8734.375,4.66346634427887E-8
8738.28125,4.7753318170698E-8
8742.1875,4.9562071623546E-8
8746.09375,5.10115540453249E-8
8750,5.17772854149894E-8
8753.90625,5.11872320017898E-8
8757.8125,4.93472653010667E-8
8761.71875,4.90631712849687E-8
8765.625,4.96133971637479E-8
8769.53125,4.8724244348033E-8
8773.4375,4.75807066470214E-8
8777.34375,4.73729044248668E-8
8781.25,4.79512298242478E-8
8785.15625,4.93991186573772E-8
8789.0625,5.01747671502398E-8
8792.96875,4.8918059811233E-8
8796.875,4.85615849211356E-8
8800.78125,5.06044587261052E-8
8804.6875,5.21446944450386E-8
8808.59375,5.19387659299081E-8
8812.5,5.10955732240144E-8
8816.40625,5.09850232115017E-8
8820.3125,5.16263487123729E-8
8824.21875,5.14896018920398E-8
8828.125,5.0540745379407E-8
8832.03125,4.99941764050351E-8
8835.9375,5.05785204617899E-8
8839.84375,5.24803070608622E-8
8843.75,5.32892250391482E-8
8847.65625,5.33729865650642E-8
8851.5625,5.4908128935003E-8
8855.46875,5.57962862486393E-8
8859.375,5.47838295156839E-8
8863.28125,5.35510590616724E-8
8867.1875,5.36911075668472E-8
8871.09375,5.39029584330373E-8
8875,5.27716307971702E-8
8878.90625,5.15165002587169E-8
8882.8125,5.23755957963722E-8
8886.71875,5.17943543786035E-8
8890.625,4.84609515161576E-8
8894.53125,4.55154029794233E-8
8898.4375,4.53901523640467E-8
8902.34375,4.75974692435467E-8
8906.25,4.94923240856373E-8
8910.15625,5.11782174897377E-8
8914.0625,5.17723829886043E-8
8917.96875,5.02175268088928E-8
8921.875,4.95066830535095E-8
8925.78125,4.96828419390991E-8
8929.6875,4.83572359952873E-8
8933.59375,4.78717390543573E-8
8937.5,4.91076974278777E-8
8941.40625,4.9857719761754E-8
8945.3125,4.97951187818013E-8
8949.21875,4.86212856258303E-8
8953.125,4.83435507397051E-8
8957.03125,5.13922773242031E-8
8960.9375,5.40812241005279E-8
8964.84375,5.33672083809429E-8
8968.75,5.01528962300793E-8
8972.65625,4.82270907937615E-8
8976.5625,5.03155796550567E-8
8980.46875,5.27798928230498E-8
8984.375,5.36718463587096E-8
8988.28125,5.42591800642996E-8
8992.1875,5.14579184156008E-8
8996.09375,4.64815851116406E-8
9000,4.72296769022143E-8
9003.90625,5.23866910473403E-8
9007.8125,5.45454717663372E-8
9011.71875,5.31497633839269E-8
9015.625,5.2260834361228E-8
9019.53125,5.3223538805507E-8
9023.4375,5.25760264687002E-8
9027.34375,4.89609934222263E-8
9031.25,4.73968902635399E-8
9035.15625,4.91831499931997E-8
9039.0625,5.06963445037359E-8
9042.96875,5.06653208482685E-8
9046.875,5.05029978200789E-8
9050.78125,5.03978467478106E-8
9054.6875,4.92852387971554E-8
9058.59375,4.79614351200989E-8
9062.5,4.77508591688973E-8
9066.40625,4.95080186990185E-8
9070.3125,5.09611580896619E-8
9074.21875,4.94170810670782E-8
9078.125,4.67510975879695E-8
9082.03125,4.7118996024477E-8
9085.9375,4.98553050784934E-8
9089.84375,5.1043717908777E-8
9093.75,5.05520204516558E-8
9097.65625,5.24118165003685E-8
9101.5625,5.57646090021823E-8
9105.46875,5.53992221975482E-8
9109.375,5.16609337372562E-8
9113.28125,4.97795548938307E-8
9117.1875,5.00314751591157E-8
9121.09375,5.17232815728872E-8
9125,5.46413151676432E-8
9128.90625,5.64644928105628E-8
9132.8125,5.61660034695719E-8
9136.71875,5.35409001570958E-8
9140.625,5.08817861726314E-8
9144.53125,5.12256301740879E-8
9148.4375,5.26007796242306E-8
9152.34375,5.35890720947234E-8
9156.25,5.24284441705424E-8
9160.15625,4.93160784145314E-8
9164.0625,4.94349784675542E-8
9167.96875,5.19543321966967E-8
9171.875,5.33543607913081E-8
9175.78125,5.31143473859431E-8
9179.6875,5.29305343951539E-8
9183.59375,5.40919503108021E-8
9187.5,5.41468309461643E-8
9191.40625,5.25605850862151E-8
9195.3125,5.09786777211378E-8
9199.21875,5.01550837512676E-8
9203.125,4.98985405412377E-8
9207.03125,5.00756747217513E-8
9210.9375,5.10410340038555E-8
9214.84375,5.33084604046353E-8
9218.75,5.40245314604274E-8
9222.65625,5.25596880774797E-8
9226.5625,5.18201046409564E-8
9230.46875,5.07521655855618E-8
9234.375,4.92103751004509E-8
9238.28125,5.02057720499577E-8
9242.1875,5.23708796029104E-8
9246.09375,5.21932971524774E-8
9250,5.14847901399176E-8
9253.90625,5.28025484659415E-8
9257.8125,5.37470071359239E-8
9261.71875,5.33074591685884E-8
9265.625,5.30373955513696E-8
9269.53125,5.24319195046007E-8
9273.4375,5.12634182693623E-8
9277.34375,4.989784823678E-8
9281.25,4.9628956399335E-8
9285.15625,5.15505693979636E-8
9289.0625,5.31188635971267E-8
9292.96875,5.06418378962873E-8
9296.875,4.64552645159922E-8
9300.78125,4.66234824625975E-8
9304.6875,4.87322098852119E-8
9308.59375,4.86316521274798E-8
9312.5,4.8239126401169E-8
9316.40625,4.82439146036039E-8
9320.3125,4.94951144364398E-8
9324.21875,5.12378396353101E-8
9328.125,5.11416797112806E-8
9332.03125,5.0031036581615E-8
9335.9375,4.91404647865968E-8
9339.84375,4.87276522238464E-8
9343.75,4.97843736230899E-8
9347.65625,5.25008328521811E-8
9351.5625,5.44904321300438E-8
9355.46875,5.35090403628975E-8
9359.375,5.19276663363747E-8
9363.28125,5.21985065675583E-8
9367.1875,5.17962664850235E-8
9371.09375,5.00505525229567E-8
9375,4.98875635616339E-8
9378.90625,5.09232679804712E-8
9382.8125,4.96448885425554E-8
9386.71875,4.77721073463361E-8
9390.625,4.84698596258617E-8
9394.53125,4.92372840402592E-8
9398.4375,4.99041737002887E-8
9402.34375,5.23438339687527E-8
9406.25,5.4204960219916E-8
9410.15625,5.40678496784506E-8
9414.0625,5.35883251016215E-8
9417.96875,5.14290175983121E-8
9421.875,4.90849432918498E-8
9425.78125,4.92911315421294E-8
9429.6875,4.9066797350255E-8
9433.59375,4.89311814013461E-8
9437.5,5.13679520052755E-8
9441.40625,5.33995248416658E-8
9445.3125,5.33016405024691E-8
9449.21875,5.2409833498792E-8
9453.125,5.01365281788424E-8
9457.03125,4.78540811204429E-8
9460.9375,4.79520847286463E-8
9464.84375,4.97703196779544E-8
9468.75,5.20508963767182E-8
9472.65625,5.20283636674711E-8
9476.5625,5.00812376298548E-8
9480.46875,5.00271544104274E-8
9484.375,4.88297080689083E-8
9488.28125,4.55312050157146E-8
9492.1875,4.59630757222077E-8
9496.09375,4.90951454548521E-8
9500,5.0269671058755E-8
9503.90625,4.78633592788574E-8
9507.8125,4.54861423541399E-8
9511.71875,4.7138918701461E-8
9515.625,4.94409628196023E-8
9519.53125,5.02193277220257E-8
9523.4375,5.04224283690001E-8
9527.34375,4.93830186565064E-8
9531.25,4.86545222659535E-8
9535.15625,4.85408564286841E-8
9539.0625,4.77719351018199E-8
9542.96875,4.76615849275232E-8
9546.875,4.97741861371454E-8
9550.78125,5.21945214401629E-8
9554.6875,5.11425378136814E-8
9558.59375,4.71691279747316E-8
9562.5,4.53854469247941E-8
9566.40625,4.763865825054E-8
9570.3125,5.04124771681536E-8
9574.21875,5.14052922674074E-8
9578.125,5.10768861799012E-8
9582.03125,5.1567236141313E-8
9585.9375,5.10293120506039E-8
9589.84375,4.91421935428357E-8
9593.75,5.01965458403009E-8
9597.65625,5.35634719613794E-8
9601.5625,5.48229213974134E-8
9605.46875,5.33553222448464E-8
9609.375,5.15855702372761E-8
9613.28125,5.15102519015388E-8
9617.1875,5.25949898957456E-8
9621.09375,5.3786411544083E-8
9625,5.38307366330325E-8
9628.90625,5.17778810052635E-8
9632.8125,4.86706119379029E-8
9636.71875,4.78953295905712E-8
9640.625,4.95044324392578E-8
9644.53125,5.18380918970327E-8
9648.4375,5.31750357276791E-8
9652.34375,5.23786840218979E-8
9656.25,5.15735178410379E-8
9660.15625,5.26884440369009E-8
9664.0625,5.33963012949141E-8
9667.96875,5.20882821709759E-8
9671.875,4.89267407582859E-8
9675.78125,4.75361911366922E-8
9679.6875,4.96058779813487E-8
9683.59375,5.10667228284149E-8
9687.5,5.03808137535101E-8
9691.40625,4.88285041687956E-8
9695.3125,4.94645962550821E-8
9699.21875,5.1126399598884E-8
9703.125,4.88936482292956E-8
9707.03125,4.45260554826538E-8
9710.9375,4.41405730456635E-8
9714.84375,4.82089587086179E-8
9718.75,5.19966406541872E-8
9722.65625,5.25861434029838E-8
9726.5625,5.21896326395246E-8
9730.46875,5.21241308087372E-8
9734.375,5.16092787658084E-8
9738.28125,5.0788428941001E-8
9742.1875,4.84765503382835E-8
9746.09375,4.55674895339074E-8
9750,4.34594114937066E-8
9753.90625,4.24463374921548E-8
9757.8125,4.33710206921332E-8
9761.71875,4.69555262515266E-8
9765.625,5.02303532165447E-8
9769.53125,5.093570127803E-8
9773.4375,5.09060146991627E-8
9777.34375,5.06506932107619E-8
9781.25,4.96760749343644E-8
9785.15625,4.98592496945031E-8
9789.0625,5.03730765361916E-8
9792.96875,4.84122522350765E-8
9796.875,4.69013633360363E-8
9800.78125,4.8266807199012E-8
9804.6875,4.9034570367324E-8
9808.59375,4.95956986712875E-8
9812.5,5.12768071033471E-8
9816.40625,5.16702829613585E-8
9820.3125,5.14950523642768E-8
9824.21875,5.26819350541084E-8
9828.125,5.30026541323475E-8
9832.03125,5.32232936701463E-8
9835.9375,5.49026176332034E-8
9839.84375,5.64893609055684E-8
9843.75,5.54981220710663E-8
9847.65625,5.27059605474442E-8
9851.5625,5.09786428216651E-8
9855.46875,5.08178457822322E-8
9859.375,5.11368729120186E-8
9863.28125,5.14800355373794E-8
9867.1875,5.39591633342688E-8
9871.09375,5.63850426173768E-8
9875,5.49146116348821E-8
9878.90625,5.11304998723453E-8
9882.8125,4.9317156174175E-8
9886.71875,5.03808196391113E-8
9890.625,5.17119694388776E-8
9894.53125,5.32008450706104E-8
9898.4375,5.44475481464159E-8
9902.34375,5.34255809480933E-8
9906.25,5.08366717933391E-8
9910.15625,4.96790952064882E-8
9914.0625,5.01592220438902E-8
9917.96875,5.09457452592013E-8
9921.875,5.21764808847402E-8
9925.78125,5.18419299721372E-8
9929.6875,4.99529381222068E-8
9933.59375,4.9352362063419E-8
9937.5,5.01567065938542E-8
9941.40625,5.11449786884068E-8
9945.3125,5.09336404308365E-8
9949.21875,5.06318829669034E-8
9953.125,5.07080118561512E-8
9957.03125,4.98055535254825E-8
9960.9375,4.83769950494003E-8
9964.84375,4.77751998831925E-8
9968.75,4.74562472876103E-8
9972.65625,4.71511723285298E-8
9976.5625,4.77490769344047E-8
9980.46875,4.8267172728807E-8
9984.375,4.85689971483592E-8
9988.28125,5.02362059294208E-8
9992.1875,5.09306829112023E-8
9996.09375,4.89833420442284E-8
10000,4.95572103366628E-8
10003.90625,5.4368188369657E-8
10007.8125,5.577892685768E-8
10011.71875,5.33028087368756E-8
10015.625,5.18573566252336E-8
10019.53125,5.18200531417576E-8
10023.4375,5.12970774482198E-8
10027.34375,5.04492344958665E-8
10031.25,4.88938104576099E-8
10035.15625,4.74578327700526E-8
10039.0625,4.79281323611369E-8
10042.96875,4.8751337982486E-8
10046.875,4.80649667437505E-8
10050.78125,4.63400467128267E-8
10054.6875,4.74721949840108E-8
10058.59375,5.04420368375921E-8
10062.5,5.05821199671934E-8
10066.40625,4.93099856984693E-8
10070.3125,5.02111935768482E-8
10074.21875,5.21264034166963E-8
10078.125,5.23765044499195E-8
10082.03125,5.03965317432924E-8
10085.9375,4.79476987375397E-8
10089.84375,4.82096460503579E-8
10093.75,4.97934677782209E-8
10097.65625,4.95341523673383E-8
10101.5625,4.86324234288288E-8
10105.46875,4.84768148891892E-8
10109.375,4.96572896134301E-8
10113.28125,5.09830515992543E-8
10117.1875,5.18239211613641E-8
10121.09375,5.06650721142238E-8
10125,4.75184740340728E-8
10128.90625,4.68326013103904E-8
10132.8125,4.86551012329954E-8
10136.71875,4.899754758399E-8
10140.625,4.8100537407384E-8
10144.53125,4.89435633793531E-8
10148.4375,5.05881371350779E-8
10152.34375,5.00927108416102E-8
10156.25,4.84641239943215E-8
10160.15625,4.90904433003269E-8
10164.0625,5.2099617889535E-8
10167.96875,5.43144431220453E-8
10171.875,5.33769225947866E-8
10175.78125,5.14122079996611E-8
10179.6875,5.13906906141676E-8
10183.59375,5.14579818020227E-8
10187.5,5.14086377753255E-8
10191.40625,5.21874423310221E-8
10195.3125,5.13597746111396E-8
10199.21875,5.04432183938078E-8
10203.125,5.06618823576466E-8
10207.03125,5.15606891346477E-8
10210.9375,5.30344966430987E-8
10214.84375,5.30337334518916E-8
10218.75,5.05444825056308E-8
10222.65625,4.88230171661186E-8
10226.5625,4.98207343317003E-8
10230.46875,5.23523362589786E-8
10234.375,5.36067810816684E-8
10238.28125,5.17119895082095E-8
10242.1875,4.93501314497109E-8
10246.09375,4.88909114929555E-8
10250,4.9361777597128E-8
10253.90625,4.91603493526244E-8
10257.8125,4.92988265447574E-8
10261.71875,4.95669443981405E-8
10265.625,5.06232820887781E-8
10269.53125,5.33718670907505E-8
10273.4375,5.50982985582291E-8
10277.34375,5.41582614042631E-8
10281.25,5.23831730882802E-8
10285.15625,5.15817849441935E-8
10289.0625,5.1694566396355E-8
10292.96875,5.17059282159234E-8
10296.875,5.2487321248314E-8
10300.78125,5.31519028791691E-8
10304.6875,5.35413127530491E-8
10308.59375,5.28816644477688E-8
10312.5,5.00622637666852E-8
10316.40625,4.95670715205931E-8
10320.3125,4.9568392079258E-8
10324.21875,4.77777957217062E-8
10328.125,4.88900138707219E-8
10332.03125,5.09117460578086E-8
10335.9375,5.05829494585878E-8
10339.84375,4.85518203019683E-8
10343.75,4.68987237290621E-8
10347.65625,4.64624016958713E-8
10351.5625,4.65517924412934E-8
10355.46875,4.78836782037793E-8
10359.375,4.85951659627886E-8
10363.28125,4.73020226810547E-8
10367.1875,4.64048166466319E-8
10371.09375,4.65855348954123E-8
10375,4.57489600842221E-8
10378.90625,4.42744009389867E-8
10382.8125,4.48210598218958E-8
10386.71875,4.6847052350413E-8
10390.625,4.92760914642603E-8
10394.53125,5.15494506123197E-8
10398.4375,5.36823643762206E-8
10402.34375,5.379474922338E-8
10406.25,5.14356246016568E-8
10410.15625,5.12612491226471E-8
10414.0625,5.22673844383903E-8
10417.96875,5.18300916571268E-8
10421.875,5.08238904677232E-8
10425.78125,5.05162947050728E-8
10429.6875,5.05721034442133E-8
10433.59375,4.97180289356744E-8
10437.5,4.91887942479165E-8
10441.40625,4.95065348126047E-8
10445.3125,5.0815800578654E-8
10449.21875,5.26116526694892E-8
10453.125,5.26712088148043E-8
10457.03125,5.12457124568178E-8
10460.9375,4.9114954790768E-8
10464.84375,4.71439302899568E-8
10468.75,4.84481034563576E-8
10472.65625,5.20220285922775E-8
10476.5625,5.35232552432199E-8
10480.46875,5.19060341538654E-8
10484.375,4.90171483397102E-8
10488.28125,4.66980088037665E-8
10492.1875,4.65795974739065E-8
10496.09375,4.86518924499873E-8
10500,5.12737566074808E-8
10503.90625,5.10108565011855E-8
10507.8125,4.85261566774265E-8
10511.71875,4.83546804613783E-8
10515.625,5.06223068203711E-8
10519.53125,5.29679235153766E-8
10523.4375,5.37477905419837E-8
10527.34375,5.40130589773598E-8
10531.25,5.42030236729992E-8
10535.15625,5.33874709453846E-8
10539.0625,5.23618027076355E-8
10542.96875,5.07684256819605E-8
10546.875,5.02518570368997E-8
10550.78125,5.3284525714681E-8
10554.6875,5.5420354979585E-8
10558.59375,5.33253645488407E-8
10562.5,5.10592492538421E-8
10566.40625,5.1837079421508E-8
10570.3125,5.3425655875421E-8
10574.21875,5.43233984425831E-8
10578.125,5.41401084362619E-8
10582.03125,5.21938112999915E-8
10585.9375,4.95268007669282E-8
10589.84375,4.9031660070472E-8
10593.75,5.03797719912704E-8
10597.65625,5.09797305106673E-8
10601.5625,5.01332308601145E-8
10605.46875,4.87971285360313E-8
10609.375,4.70967858232082E-8
10613.28125,4.62728279980855E-8
10617.1875,4.7997538129433E-8
10621.09375,4.99185033020151E-8
10625,5.15724570493346E-8
10628.90625,5.22909142589474E-8
10632.8125,5.14311739038709E-8
10636.71875,5.02736170767592E-8
10640.625,4.93986249439832E-8
10644.53125,4.86841976424375E-8
10648.4375,4.7727571546171E-8
10652.34375,4.60224699090568E-8
10656.25,4.57379953311446E-8
10660.15625,4.7028196040525E-8
10664.0625,4.72546955216157E-8
10667.96875,4.80567625775028E-8
10671.875,5.0649159376245E-8
10675.78125,5.2166287344178E-8
10679.6875,5.1075417394371E-8
10683.59375,4.93915893671054E-8
10687.5,4.96548845912384E-8
10691.40625,5.06171519364961E-8
10695.3125,4.98566685562604E-8
10699.21875,4.91951219759703E-8
10703.125,4.71642888127291E-8
10707.03125,4.34141671351762E-8
10710.9375,4.24516219168013E-8
10714.84375,4.37487850932798E-8
10718.75,4.54757255263346E-8
10722.65625,4.74215971254388E-8
10726.5625,4.89231043123359E-8
10730.46875,4.99775546473188E-8
10734.375,5.00759352655675E-8
10738.28125,4.87603769973765E-8
10742.1875,4.67620213622359E-8
10746.09375,4.65873075408758E-8
10750,4.72426539050368E-8
10753.90625,4.64192076288205E-8
10757.8125,4.62803280835798E-8
10761.71875,4.75482488400369E-8
10765.625,4.90933954120639E-8
10769.53125,4.96014738291755E-8
10773.4375,4.81301277146221E-8
10777.34375,4.75690452077138E-8
10781.25,4.98789027021838E-8
10785.15625,5.22704677115652E-8
10789.0625,5.30140544221552E-8
10792.96875,5.22356504770437E-8
10796.875,4.96389825373778E-8
10800.78125,4.77276492059867E-8
10804.6875,4.88947080101447E-8
10808.59375,5.1098503791193E-8
10812.5,5.25110941508411E-8
10816.40625,5.20841946736379E-8
10820.3125,5.07468485985798E-8
10824.21875,5.02421700956524E-8
10828.125,5.0327936245696E-8
10832.03125,5.03880289843132E-8
10835.9375,5.02968533716257E-8
10839.84375,5.13866543800126E-8
10843.75,5.23690252808801E-8
10847.65625,5.14239032180028E-8
10851.5625,5.1743591910376E-8
10855.46875,5.34746552690534E-8
10859.375,5.33502369038823E-8
10863.28125,5.13638331629079E-8
10867.1875,4.85219142442521E-8
10871.09375,4.78665388415325E-8
10875,5.0566137144688E-8
10878.90625,5.20513435703509E-8
10882.8125,5.15551564528487E-8
10886.71875,5.17724631722092E-8
10890.625,5.33244414800938E-8
10894.53125,5.50108710797711E-8
10898.4375,5.55442255800058E-8
10902.34375,5.44822580612377E-8
10906.25,5.36171901955425E-8
10910.15625,5.3239386639153E-8
10914.0625,5.21056220035508E-8
10917.96875,4.97133469267556E-8
10921.875,4.82916200810265E-8
10925.78125,5.05331265354303E-8
10929.6875,5.26267719931142E-8
10933.59375,5.22026191954192E-8
10937.5,5.14153281381023E-8
10941.40625,5.12197371056726E-8
10945.3125,5.01709552030107E-8
10949.21875,4.71197448894458E-8
10953.125,4.4050196843933E-8
10957.03125,4.41710942616448E-8
10960.9375,4.68070403337524E-8
10964.84375,4.88787937185671E-8
10968.75,4.89509828851616E-8
10972.65625,4.76859478924787E-8
10976.5625,4.8002301012305E-8
10980.46875,5.01677872249527E-8
10984.375,5.10964204943719E-8
10988.28125,5.1519573792445E-8
10992.1875,5.19750428840981E-8
10996.09375,5.1211177055523E-8
11000,5.05553784353433E-8
11003.90625,4.95835677532079E-8
11007.8125,4.81270564443329E-8
11011.71875,4.78800863982725E-8
11015.625,4.71782972887283E-8
11019.53125,4.57472019464742E-8
11023.4375,4.71394266463656E-8
11027.34375,5.04853277999236E-8
11031.25,5.31086722696079E-8
11035.15625,5.37790981286517E-8
11039.0625,5.17678180457384E-8
11042.96875,5.0350384832849E-8
11046.875,5.17848901299188E-8
11050.78125,5.34863291667532E-8
11054.6875,5.32425194396498E-8
11058.59375,5.26722165156525E-8
11062.5,5.15819257839152E-8
11066.40625,5.05210226212367E-8
11070.3125,5.04295112277039E-8
11074.21875,4.89607012059342E-8
11078.125,4.77755521062521E-8
11082.03125,4.75269723294482E-8
11085.9375,4.64242681690983E-8
11089.84375,4.49403239357031E-8
11093.75,4.5796765257406E-8
11097.65625,4.77573013607389E-8
11101.5625,4.75422554538043E-8
11105.46875,4.73875958621287E-8
11109.375,5.01064923896402E-8
11113.28125,5.24393953579052E-8
11117.1875,5.16115165916761E-8
11121.09375,5.03744245279237E-8
11125,5.03279274080173E-8
11128.90625,4.91156898257433E-8
11132.8125,4.81523970330234E-8
11136.71875,5.0637176890646E-8
11140.625,5.22804395927111E-8
11144.53125,4.97708067253656E-8
11148.4375,4.72851804324536E-8
11152.34375,4.87408265948053E-8
11156.25,5.03812640000145E-8
11160.15625,4.91331463149022E-8
11164.0625,4.7330809118013E-8
11167.96875,4.7588067588664E-8
11171.875,4.81479091975358E-8
11175.78125,4.8185137107764E-8
11179.6875,4.78206291909221E-8
11183.59375,4.91637058894426E-8
11187.5,5.16913713309507E-8
11191.40625,5.22969304303291E-8
11195.3125,5.18269650211404E-8
11199.21875,5.00152244800906E-8
11203.125,4.8145944579422E-8
11207.03125,4.82594207538249E-8
11210.9375,4.82191109950355E-8
11214.84375,4.78863115072428E-8
11218.75,4.76413782295402E-8
11222.65625,4.60963244022148E-8
11226.5625,4.41844628941458E-8
11230.46875,4.52273408616037E-8
11234.375,4.85766951423521E-8
11238.28125,5.12893310289062E-8
11242.1875,5.28829204597376E-8
11246.09375,5.31596233140835E-8
11250,5.30269732788471E-8
11253.90625,5.28814878186931E-8
11257.8125,5.00548830997665E-8
11261.71875,4.54604162343641E-8
11265.625,4.41412145776009E-8
11269.53125,4.57604082026459E-8
11273.4375,4.75787902785746E-8
11277.34375,4.81944791994573E-8
11281.25,4.78062243445327E-8
11285.15625,4.9619020862884E-8
11289.0625,5.23984234170175E-8
11292.96875,5.35202025898134E-8
11296.875,5.40813419825309E-8
11300.78125,5.48171959767722E-8
11304.6875,5.51480888885343E-8
11308.59375,5.29020457243599E-8
11312.5,4.79395007901662E-8
11316.40625,4.48456303056994E-8
11320.3125,4.70887042129928E-8
11324.21875,5.07775917790568E-8
11328.125,5.20633166770917E-8
11332.03125,5.17587471057969E-8
11335.9375,5.12384559637649E-8
11339.84375,5.15725950397338E-8
11343.75,5.19581845129969E-8
11347.65625,5.15849206926782E-8
11351.5625,5.15330629407015E-8
11355.46875,5.33339855730807E-8
11359.375,5.46960457574608E-8
11363.28125,5.28551578802885E-8
11367.1875,4.99984140097445E-8
11371.09375,4.89984054134475E-8
11375,4.95795159783561E-8
11378.90625,5.04791808945834E-8
11382.8125,5.17072070529047E-8
11386.71875,5.147017071232E-8
11390.625,4.9860877705492E-8
11394.53125,5.01140755070462E-8
11398.4375,5.0805275668786E-8
11402.34375,5.09050797974416E-8
11406.25,5.00897391885961E-8
11410.15625,4.86563231355599E-8
11414.0625,4.94552707466202E-8
11417.96875,5.26267410037891E-8
11421.875,5.35311852342344E-8
11425.78125,5.18584516144723E-8
11429.6875,5.14940648149033E-8
11433.59375,5.18142763234234E-8
11437.5,5.12625708669703E-8
11441.40625,4.96653398427014E-8
11445.3125,4.8895161328558E-8
11449.21875,5.10985153970656E-8
11453.125,5.33117003868437E-8
11457.03125,5.27158275499772E-8
11460.9375,5.01601324224492E-8
11464.84375,4.78829211602869E-8
11468.75,4.64485683241816E-8
11472.65625,4.8511742810031E-8
11476.5625,5.21378986212022E-8
11480.46875,5.23328911145112E-8
11484.375,5.14009975850848E-8
11488.28125,5.10804128343567E-8
11492.1875,4.87717703067085E-8
11496.09375,4.58904622538194E-8
11500,4.41470164914228E-8
11503.90625,4.48615393737758E-8
11507.8125,4.8139897794736E-8
11511.71875,4.97228357370705E-8
11515.625,4.9292862533695E-8
11519.53125,4.90119426062471E-8
11523.4375,4.91191973154944E-8
11527.34375,4.99814050752393E-8
11531.25,4.93633604439869E-8
11535.15625,4.69090489623103E-8
11539.0625,4.63210031252693E-8
11542.96875,4.77038374455004E-8
11546.875,4.89614461269241E-8
11550.78125,5.05031299255563E-8
11554.6875,5.08805332118086E-8
11558.59375,4.9858712959594E-8
11562.5,4.94147708657724E-8
11566.40625,4.9158518691941E-8
11570.3125,4.95134238022232E-8
11574.21875,5.05315099136935E-8
11578.125,5.15546733214702E-8
11582.03125,5.33644135154937E-8
11585.9375,5.425829474208E-8
11589.84375,5.2613890129906E-8
11593.75,5.13794437631164E-8
11597.65625,5.14704530022028E-8
11601.5625,5.37052797783441E-8
11605.46875,5.59637189456752E-8
11609.375,5.36195847801173E-8
11613.28125,5.0095196949729E-8
11617.1875,4.91992596499639E-8
11621.09375,4.94404965130056E-8
11625,4.97036489942875E-8
11628.90625,4.93227279812437E-8
11632.8125,4.82442495755896E-8
11636.71875,4.61414594889036E-8
11640.625,4.49308991906899E-8
11644.53125,4.66715910701636E-8
11648.4375,4.95626848597135E-8
11652.34375,5.09103948199969E-8
11656.25,4.93011512008355E-8
11660.15625,4.68188060696156E-8
11664.0625,4.68198114832479E-8
11667.96875,4.92761170388454E-8
11671.875,5.11393981324978E-8
11675.78125,5.12798256144579E-8
11679.6875,4.94293263308386E-8
11683.59375,4.78387999915065E-8
11687.5,4.82129795956639E-8
11691.40625,4.86145812861105E-8
11695.3125,4.92121887687011E-8
11699.21875,5.18966788341687E-8
11703.125,5.43504437738007E-8
11707.03125,5.45016300286208E-8
11710.9375,5.48247332859993E-8
11714.84375,5.6300319107803E-8
11718.75,5.5266676214283E-8
11722.65625,5.20792471203129E-8
11726.5625,5.06842327647255E-8
11730.46875,5.13167388509199E-8
11734.375,5.17657760056077E-8
11738.28125,5.06917791771548E-8
11742.1875,4.85689589911076E-8
11746.09375,4.71751876217176E-8
11750,4.85141036528912E-8
11753.90625,5.11835997383631E-8
11757.8125,5.24636393085641E-8
11761.71875,5.20161544932214E-8
11765.625,5.20952865302982E-8
11769.53125,5.35041830005327E-8
11773.4375,5.29779040433069E-8
11777.34375,4.95164270477662E-8
11781.25,4.74108159406783E-8
11785.15625,4.94083347354132E-8
11789.0625,5.23550067467068E-8
11792.96875,5.35044213069759E-8
11796.875,5.27912288809311E-8
11800.78125,5.16776193967112E-8
11804.6875,4.95197130424509E-8
11808.59375,4.55050352053798E-8
11812.5,4.4670188567587E-8
11816.40625,4.79536507255635E-8
11820.3125,4.91247402686118E-8
11824.21875,4.81357999619088E-8
11828.125,4.77142665544072E-8
11832.03125,4.7998867892342E-8
11835.9375,4.88669293102223E-8
11839.84375,4.93942938605742E-8
11843.75,4.97843736230899E-8
11847.65625,5.07534596909593E-8
11851.5625,5.14128251215466E-8
11855.46875,5.13676980147409E-8
11859.375,4.98927314227258E-8
11863.28125,4.88735353289049E-8
11867.1875,5.20389460536239E-8
11871.09375,5.50398494233749E-8
11875,5.32833153419727E-8
11878.90625,4.94292903374487E-8
11882.8125,4.86810532111684E-8
11886.71875,5.01650062136582E-8
11890.625,5.00696315012749E-8
11894.53125,4.88945806557205E-8
11898.4375,4.90937260979231E-8
11902.34375,4.86991373877159E-8
11906.25,4.63262824169027E-8
11910.15625,4.66558304892924E-8
11914.0625,4.97682269582359E-8
11917.96875,5.01486805485174E-8
11921.875,4.84185513102174E-8
11925.78125,4.83559160873185E-8
11929.6875,4.75207453866381E-8
11933.59375,4.55193702882322E-8
11937.5,4.63697804662302E-8
11941.40625,4.84315235371197E-8
11945.3125,4.80702919927121E-8
11949.21875,4.72238094799874E-8
11953.125,4.836672110343E-8
11957.03125,4.95872678856382E-8
11960.9375,5.095005503628E-8
11964.84375,5.21012541503284E-8
11968.75,5.1595849772354E-8
11972.65625,5.06375926510387E-8
11976.5625,4.98781952628816E-8
11980.46875,4.94901312358064E-8
11984.375,4.79705503446687E-8
11988.28125,4.57979517351251E-8
11992.1875,4.60210298827277E-8
11996.09375,4.74728492702091E-8
12000,4.7782419161258E-8
12003.90625,4.72698188962167E-8
12007.8125,4.93794983803438E-8
12011.71875,5.24713451641997E-8
12015.625,5.03243568588523E-8
12019.53125,4.64408687447146E-8
12023.4375,4.76290950777846E-8
12027.34375,5.05152528018507E-8
12031.25,5.17747053991548E-8
12035.15625,5.16744462365062E-8
12039.0625,5.05033119369815E-8
12042.96875,4.93927240116972E-8
12046.875,5.05855550868953E-8
12050.78125,5.37537512260996E-8
12054.6875,5.34045749513222E-8
12058.59375,5.09301356348023E-8
12062.5,5.1270937267462E-8
12066.40625,5.2308510037366E-8
12070.3125,5.28456675866082E-8
12074.21875,5.22899020452222E-8
12078.125,5.0210092192026E-8
12082.03125,4.74648363759495E-8
12085.9375,4.57525393466573E-8
12089.84375,4.63542275168793E-8
12093.75,4.68435282333654E-8
12097.65625,4.74452505481487E-8
12101.5625,4.92768180781876E-8
12105.46875,4.90355620965569E-8
12109.375,4.79119124875908E-8
12113.28125,4.7569232212189E-8
12117.1875,4.67852904814712E-8
12121.09375,4.75532624974948E-8
12125,4.91839397756911E-8
12128.90625,4.98460184610251E-8
12132.8125,5.12420525120084E-8
12136.71875,5.17611102287412E-8
12140.625,4.9227237829181E-8
12144.53125,4.71744663508166E-8
12148.4375,4.93770633132818E-8
12152.34375,5.29199173778008E-8
12156.25,5.45125890090824E-8
12160.15625,5.37856259440398E-8
12164.0625,5.11150597895981E-8
12167.96875,4.94295737846842E-8
12171.875,5.00663238542271E-8
12175.78125,4.99055135617026E-8
12179.6875,4.92916624261096E-8
12183.59375,5.06713983583772E-8
12187.5,5.09183910633076E-8
12191.40625,4.95403626616041E-8
12195.3125,4.93118242657447E-8
12199.21875,5.04880001340347E-8
12203.125,5.15954129984384E-8
12207.03125,5.22143077414582E-8
12210.9375,5.28292021057884E-8
12214.84375,5.49772149519451E-8
12218.75,5.79088752865177E-8
12222.65625,5.92322181205588E-8
12226.5625,5.76939050111779E-8
12230.46875,5.64987377421864E-8
12234.375,5.67380303190711E-8
12238.28125,5.52697879911932E-8
12242.1875,5.24056692341498E-8
12246.09375,5.00145278620748E-8
12250,4.91216195105288E-8
12253.90625,4.95546359051572E-8
12257.8125,5.07171011732488E-8
12261.71875,5.19130545351428E-8
12265.625,5.0786896347023E-8
12269.53125,4.78287328197143E-8
12273.4375,4.68947656207981E-8
12277.34375,4.79167534995797E-8
12281.25,4.92071030979591E-8
12285.15625,5.16854567838941E-8
12289.0625,5.3232418629867E-8
12292.96875,5.17575841232556E-8
12296.875,5.00587631205311E-8
12300.78125,4.96005068659124E-8
12304.6875,4.8920801090091E-8
12308.59375,4.72546437531551E-8
12312.5,4.67809820824711E-8
12316.40625,5.02392013809743E-8
12320.3125,5.26979232570512E-8
12324.21875,5.11448859257011E-8
12328.125,4.96736618676087E-8
12332.03125,5.13000167347572E-8
12335.9375,5.3991589556065E-8
12339.84375,5.34691154443279E-8
12343.75,5.18175553691759E-8
12347.65625,5.21938397057839E-8
12351.5625,5.1989374903039E-8
12355.46875,5.06062370805047E-8
12359.375,5.02764333650658E-8
12363.28125,5.08110329799712E-8
12367.1875,5.09983979188544E-8
12371.09375,5.07659900660091E-8
12375,5.05053022771787E-8
12378.90625,4.90056396317163E-8
12382.8125,4.80122252554034E-8
12386.71875,4.91350231821321E-8
12390.625,5.00278923424908E-8
12394.53125,5.02981238199561E-8
12398.4375,5.06540534339657E-8
12402.34375,5.01898997922979E-8
12406.25,4.97040322946385E-8
12410.15625,5.02899228204766E-8
12414.0625,5.15494764970948E-8
12417.96875,5.2820852359528E-8
12421.875,5.29235313246531E-8
12425.78125,5.19579305542721E-8
12429.6875,5.12933142219691E-8
12433.59375,5.19895374525317E-8
12437.5,5.34621302325988E-8
12441.40625,5.34341969020745E-8
12445.3125,5.08375817058464E-8
12449.21875,4.91446839913767E-8
12453.125,5.00098706472659E-8
12457.03125,5.25294346858538E-8
12460.9375,5.59351821248347E-8
12464.84375,5.66812171541384E-8
12468.75,5.39778386022521E-8
12472.65625,5.1699527821043E-8
12476.5625,5.31051127996472E-8
12480.46875,5.7400398710702E-8
12484.375,5.88544710629097E-8
12488.28125,5.49303008671163E-8
12492.1875,5.03308437577469E-8
12496.09375,4.99752555215617E-8

// End of Data
