// SR1 Audio Analyzer: 10/21/2024 9:53:27 AM

// Series: A1:FFT1:Power Spectrum A
// Units: Hz,V/rtHz
0,6.72231282904001E-7
31.25,7.50803084303294E-7
62.5,7.83630264955008E-7
93.75,6.84930336804316E-7
125,6.05160783448278E-7
156.25,6.18310291357931E-7
187.5,6.10354847471539E-7
218.75,5.14664854201665E-7
250,4.2510203936451E-7
281.25,3.99173493151143E-7
312.5,3.87374770006354E-7
343.75,3.64820752732403E-7
375,3.45964971329016E-7
406.25,3.33974923692445E-7
437.5,3.22383962947331E-7
468.75,3.12217739931069E-7
500,3.0978649721454E-7
531.25,3.0300839327414E-7
562.5,2.88141506018157E-7
593.75,2.79713921806291E-7
625,2.78565070008913E-7
656.25,2.75395772137842E-7
687.5,2.71765818252742E-7
718.75,2.69916600104697E-7
750,2.69939910745994E-7
781.25,2.69438264788504E-7
812.5,2.63930500025802E-7
843.75,2.58600692025451E-7
875,2.5685704537588E-7
906.25,2.55538235134377E-7
937.5,2.52591654480201E-7
968.75,2.49779371772184E-7
1000,2.46660412541156E-7
1031.25,2.41726649105481E-7
1062.5,2.36522029747688E-7
1093.75,2.32656166117546E-7
1125,2.33769536570259E-7
1156.25,2.37397050652419E-7
1187.5,2.34567453136485E-7
1218.75,2.31707655421338E-7
1250,2.33044485402753E-7
1281.25,2.27088023457132E-7
1312.5,2.18493339491048E-7
1343.75,2.19124230960658E-7
1375,2.2321943653311E-7
1406.25,2.23550427804301E-7
1437.5,2.22094130665706E-7
1468.75,2.23112922592136E-7
1500,2.22041102090841E-7
1531.25,2.18294960910281E-7
1562.5,2.19821826530882E-7
1593.75,2.2247489704931E-7
1625,2.17529700625363E-7
1656.25,2.09859504550824E-7
1687.5,2.07713705572196E-7
1718.75,2.10877824890969E-7
1750,2.14894593171554E-7
1781.25,2.15105589717037E-7
1812.5,2.16368201103833E-7
1843.75,2.21229087982991E-7
1875,2.19214457560492E-7
1906.25,2.10777530582983E-7
1937.5,2.09992780185605E-7
1968.75,2.15512479061859E-7
2000,2.13520892311934E-7
2031.25,2.02616306748095E-7
2062.5,1.97124207502095E-7
2093.75,2.01946403518499E-7
2125,2.06832948121922E-7
2156.25,2.05397915186093E-7
2187.5,2.01358219850283E-7
2218.75,1.99979465255104E-7
2250,1.97759305496211E-7
2281.25,1.97178811897044E-7
2312.5,1.98847161209246E-7
2343.75,1.96621868623504E-7
2375,1.93055484025971E-7
2406.25,1.92311312513139E-7
2437.5,1.93157528699696E-7
2468.75,1.928191215252E-7
2500,1.89770270515711E-7
2531.25,1.870513208933E-7
2562.5,1.86452316269663E-7
2593.75,1.85473879060598E-7
2625,1.86438573891893E-7
2656.25,1.89826140658087E-7
2687.5,1.92489675866548E-7
2718.75,1.92806129434933E-7
2750,1.90992827126092E-7
2781.25,1.88837085948316E-7
2812.5,1.90081037158718E-7
2843.75,1.92002443762291E-7
2875,1.90262575102227E-7
2906.25,1.86482140862413E-7
2937.5,1.84280230563193E-7
2968.75,1.82717380972032E-7
3000,1.79731333268266E-7
3031.25,1.81448973756517E-7
3062.5,1.88588789863204E-7
3093.75,1.93256128413112E-7
3125,1.93861702099831E-7
3156.25,1.90921547669403E-7
3187.5,1.85660460754167E-7
3218.75,1.832476498933E-7
3250,1.832484910511E-7
3281.25,1.82857186456261E-7
3312.5,1.83113120796313E-7
3343.75,1.83876932271819E-7
3375,1.83419578048258E-7
3406.25,1.81255787328839E-7
3437.5,1.80286987888129E-7
3468.75,1.81000057880178E-7
3500,1.77688593838613E-7
3531.25,1.72369258998216E-7
3562.5,1.72136016825057E-7
3593.75,1.74695106293911E-7
3625,1.74445324736555E-7
3656.25,1.74804231153675E-7
3687.5,1.77522201875189E-7
3718.75,1.78019334300332E-7
3750,1.7547597362944E-7
3781.25,1.75028826410362E-7
3812.5,1.76916777226484E-7
3843.75,1.76594197651595E-7
3875,1.74681502530014E-7
3906.25,1.72522988936078E-7
3937.5,1.7321982705583E-7
3968.75,1.77360068339758E-7
4000,1.77402429617231E-7
4031.25,1.7261195591379E-7
4062.5,1.7104324450598E-7
4093.75,1.75057226786149E-7
4125,1.79154179223329E-7
4156.25,1.791362186178E-7
4187.5,1.7678358006596E-7
4218.75,1.73025075035296E-7
4250,1.69163017852886E-7
4281.25,1.70072882588297E-7
4312.5,1.75424354854497E-7
4343.75,1.78406979898782E-7
4375,1.75868325646199E-7
4406.25,1.72013930337796E-7
4437.5,1.70869097048396E-7
4468.75,1.71174086204318E-7
4500,1.69655336544856E-7
4531.25,1.65956681168507E-7
4562.5,1.6400653487458E-7
4593.75,1.65223116405672E-7
4625,1.66737729255305E-7
4656.25,1.66225636811887E-7
4687.5,1.64325895351959E-7
4718.75,1.63786987276841E-7
4750,1.63049477198816E-7
4781.25,1.59571758339376E-7
4812.5,1.59072366850126E-7
4843.75,1.63753421959676E-7
4875,1.68642080127376E-7
4906.25,1.71620153970455E-7
4937.5,1.74180311486857E-7
4968.75,1.7503590652454E-7
5000,1.74209723273476E-7
5031.25,1.72860034444879E-7
5062.5,1.73670756127705E-7
5093.75,1.75579677274645E-7
5125,1.73408273645301E-7
5156.25,1.67813714067396E-7
5187.5,1.63739981437712E-7
5218.75,1.65974591892195E-7
5250,1.71757759535572E-7
5281.25,1.7537138793261E-7
5312.5,1.75236893799832E-7
5343.75,1.72873380011536E-7
5375,1.69412423057739E-7
5406.25,1.67083170481894E-7
5437.5,1.68318567421837E-7
5468.75,1.70862131042815E-7
5500,1.71405070026282E-7
5531.25,1.69104172160809E-7
5562.5,1.656080704285E-7
5593.75,1.63801545691408E-7
5625,1.62743607200082E-7
5656.25,1.63807765030559E-7
5687.5,1.67198814260168E-7
5718.75,1.71323728739095E-7
5750,1.73998450541779E-7
5781.25,1.74043301619411E-7
5812.5,1.73278406152363E-7
5843.75,1.71342359332572E-7
5875,1.67412973006448E-7
5906.25,1.63601441117813E-7
5937.5,1.62875030593832E-7
5968.75,1.64199089840622E-7
6000,1.64430863862735E-7
6031.25,1.64324988392267E-7
6062.5,1.62499149986366E-7
6093.75,1.5931371412511E-7
6125,1.59887731483337E-7
6156.25,1.62784949824355E-7
6187.5,1.61950495075095E-7
6218.75,1.60181339021238E-7
6250,1.59568425409568E-7
6281.25,1.58164818782188E-7
6312.5,1.5830582136298E-7
6343.75,1.61056560760389E-7
6375,1.64248145757872E-7
6406.25,1.65573000057263E-7
6437.5,1.64413865288605E-7
6468.75,1.61631714668184E-7
6500,1.58624876093504E-7
6531.25,1.57684090122183E-7
6562.5,1.55528519453598E-7
6593.75,1.53693271935376E-7
6625,1.5641031524704E-7
6656.25,1.583607188431E-7
6687.5,1.5770543891466E-7
6718.75,1.56906137179466E-7
6750,1.55631983539052E-7
6781.25,1.56193958600622E-7
6812.5,1.59104148039225E-7
6843.75,1.60175686277437E-7
6875,1.60279245778328E-7
6906.25,1.61713682765898E-7
6937.5,1.63234487603685E-7
6968.75,1.62842336703474E-7
7000,1.60270552029695E-7
7031.25,1.60845895474885E-7
7062.5,1.62610947634711E-7
7093.75,1.59873187000886E-7
7125,1.55329067196443E-7
7156.25,1.54937476617277E-7
7187.5,1.57421868810673E-7
7218.75,1.57435103069539E-7
7250,1.56747406708247E-7
7281.25,1.59592515615567E-7
7312.5,1.61829031943151E-7
7343.75,1.5951281726429E-7
7375,1.6002682687131E-7
7406.25,1.62543117118289E-7
7437.5,1.60571730565614E-7
7468.75,1.56394768558812E-7
7500,1.55316001822302E-7
7531.25,1.57277983865296E-7
7562.5,1.58327969612913E-7
7593.75,1.56462837526219E-7
7625,1.52802196762675E-7
7656.25,1.50787260577901E-7
7687.5,1.51365760095068E-7
7718.75,1.52446291707384E-7
7750,1.53156275014035E-7
7781.25,1.55021074711298E-7
7812.5,1.57103411830502E-7
7843.75,1.58442877995908E-7
7875,1.57922872735897E-7
7906.25,1.56495918359369E-7
7937.5,1.5634194265402E-7
7968.75,1.55400440733101E-7
8000,1.53184452365841E-7
8031.25,1.5138643553618E-7
8062.5,1.52442669064699E-7
8093.75,1.57509034940227E-7
8125,1.59780455565459E-7
8156.25,1.57518937424726E-7
8187.5,1.56392849590901E-7
8218.75,1.57406324754698E-7
8250,1.58078124038677E-7
8281.25,1.59344319683262E-7
8312.5,1.60550998160416E-7
8343.75,1.58743569364705E-7
8375,1.55668041031024E-7
8406.25,1.54428294658854E-7
8437.5,1.55221692165625E-7
8468.75,1.54546128982602E-7
8500,1.53660431421313E-7
8531.25,1.55542433272184E-7
8562.5,1.5630646512053E-7
8593.75,1.54105671885061E-7
8625,1.50702702483318E-7
8656.25,1.47847277617127E-7
8687.5,1.48224433293339E-7
8718.75,1.51350747388686E-7
8750,1.54579091704424E-7
8781.25,1.55268561593658E-7
8812.5,1.52856740163394E-7
8843.75,1.50082326233414E-7
8875,1.49144415149423E-7
8906.25,1.50728141939804E-7
8937.5,1.54147377664917E-7
8968.75,1.57102450179768E-7
9000,1.57054418632446E-7
9031.25,1.54711380414418E-7
9062.5,1.5358282579061E-7
9093.75,1.54458533256379E-7
9125,1.55273117589012E-7
9156.25,1.55294548039347E-7
9187.5,1.54619540850987E-7
9218.75,1.53996283820042E-7
9250,1.52336589917607E-7
9281.25,1.52577673186811E-7
9312.5,1.56911406780488E-7
9343.75,1.59863653836913E-7
9375,1.55910998197595E-7
9406.25,1.48381906822467E-7
9437.5,1.48174047477832E-7
9468.75,1.55451833290829E-7
9500,1.60312373236788E-7
9531.25,1.61155126635051E-7
9562.5,1.60681813511163E-7
9593.75,1.5943432758981E-7
9625,1.56592902551346E-7
9656.25,1.54624221598568E-7
9687.5,1.55163269679748E-7
9718.75,1.55313011353234E-7
9750,1.54100670672482E-7
9781.25,1.52229149368092E-7
9812.5,1.50542381163833E-7
9843.75,1.49852038195271E-7
9875,1.5046518226458E-7
9906.25,1.52361743168625E-7
9937.5,1.51876001432405E-7
9968.75,1.5013768775893E-7
10000,1.517021909757E-7
10031.25,1.5469126815461E-7
10062.5,1.55373131727957E-7
10093.75,1.54282193525481E-7
10125,1.53505845917132E-7
10156.25,1.51827452723185E-7
10187.5,1.49631076586731E-7
10218.75,1.4853599715961E-7
10250,1.49784876851894E-7
10281.25,1.54395160899088E-7
10312.5,1.56800050441049E-7
10343.75,1.5248519788231E-7
10375,1.47591185272679E-7
10406.25,1.47987032782109E-7
10437.5,1.51454767133765E-7
10468.75,1.54386314331281E-7
10500,1.53406510841701E-7
10531.25,1.48432614079409E-7
10562.5,1.45924762595836E-7
10593.75,1.47441916325778E-7
10625,1.474901921639E-7
10656.25,1.45475148799004E-7
10687.5,1.46305792836486E-7
10718.75,1.48550531567613E-7
10750,1.48869860962877E-7
10781.25,1.48619116159169E-7
10812.5,1.48475047112635E-7
10843.75,1.47238255613151E-7
10875,1.44491641325944E-7
10906.25,1.42392853404186E-7
10937.5,1.43165955128728E-7
10968.75,1.46095126423618E-7
11000,1.48206629736684E-7
11031.25,1.47549349012201E-7
11062.5,1.47137936036583E-7
11093.75,1.47414123207525E-7
11125,1.46477365152403E-7
11156.25,1.4671666575728E-7
11187.5,1.49313170077258E-7
11218.75,1.52367893491594E-7
11250,1.53003668707187E-7
11281.25,1.51528814397264E-7
11312.5,1.50534427071214E-7
11343.75,1.49541639403188E-7
11375,1.4913591421009E-7
11406.25,1.49881776617628E-7
11437.5,1.48747015402312E-7
11468.75,1.46442265147345E-7
11500,1.46983588468191E-7
11531.25,1.49392228400461E-7
11562.5,1.50052641163182E-7
11593.75,1.49145585530658E-7
11625,1.49080728456239E-7
11656.25,1.48150718863786E-7
11687.5,1.44998242967361E-7
11718.75,1.44280370742885E-7
11750,1.47203441058447E-7
11781.25,1.49285964663886E-7
11812.5,1.48161997804767E-7
11843.75,1.45529583474131E-7
11875,1.44615045253755E-7
11906.25,1.46623675573517E-7
11937.5,1.49303632679367E-7
11968.75,1.5068133029173E-7
12000,1.50725744474616E-7
12031.25,1.49572224392707E-7
12062.5,1.4867971191921E-7
12093.75,1.50032584771622E-7
12125,1.51763627417865E-7
12156.25,1.50540665610776E-7
12187.5,1.47609796106693E-7
12218.75,1.45907427029136E-7
12250,1.48306157582342E-7
12281.25,1.50419422105013E-7
12312.5,1.48860459740524E-7
12343.75,1.47542734919648E-7
12375,1.4676692592818E-7
12406.25,1.45750193548108E-7
12437.5,1.45500155217766E-7
12468.75,1.46252310139459E-7
12500,1.46169011531271E-7
12531.25,1.45733047353099E-7
12562.5,1.46206683656102E-7
12593.75,1.45777267541231E-7
12625,1.45103904134438E-7
12656.25,1.45372208155043E-7
12687.5,1.46206027357406E-7
12718.75,1.47805361903419E-7
12750,1.49516619356626E-7
12781.25,1.4974701420861E-7
12812.5,1.48768905636451E-7
12843.75,1.47808683829361E-7
12875,1.46403747220623E-7
12906.25,1.4476763798144E-7
12937.5,1.44954883711193E-7
12968.75,1.46907993740048E-7
13000,1.48978127661377E-7
13031.25,1.47371973468847E-7
13062.5,1.43389667833259E-7
13093.75,1.42278994629839E-7
13125,1.42695503279978E-7
13156.25,1.43860247992905E-7
13187.5,1.45655359900209E-7
13218.75,1.46276297426007E-7
13250,1.45270635081417E-7
13281.25,1.43909413232964E-7
13312.5,1.45587861217704E-7
13343.75,1.50361564160996E-7
13375,1.52753508048212E-7
13406.25,1.51638885148753E-7
13437.5,1.48370204274462E-7
13468.75,1.44598668076926E-7
13500,1.44171670383046E-7
13531.25,1.46901545339306E-7
13562.5,1.4903103627122E-7
13593.75,1.49752106285882E-7
13625,1.50059988152674E-7
13656.25,1.50322984353787E-7
13687.5,1.47395363006572E-7
13718.75,1.40727452627262E-7
13750,1.3833230200023E-7
13781.25,1.41391112395553E-7
13812.5,1.44459902952735E-7
13843.75,1.45269285915537E-7
13875,1.44742138278387E-7
13906.25,1.45236930288541E-7
13937.5,1.45262877206483E-7
13968.75,1.43396338228533E-7
14000,1.42957745222054E-7
14031.25,1.42885728819924E-7
14062.5,1.43680492243448E-7
14093.75,1.47210472584003E-7
14125,1.4871272566413E-7
14156.25,1.47557173460612E-7
14187.5,1.46973219245054E-7
14218.75,1.45950804049903E-7
14250,1.44777601108489E-7
14281.25,1.44035931166094E-7
14312.5,1.43167901653249E-7
14343.75,1.41971214741371E-7
14375,1.41413145136129E-7
14406.25,1.42914616876908E-7
14437.5,1.45475647004752E-7
14468.75,1.48354468705896E-7
14500,1.50244653591983E-7
14531.25,1.49981928405134E-7
14562.5,1.50248261290347E-7
14593.75,1.50081292388322E-7
14625,1.46608769111386E-7
14656.25,1.42673296522029E-7
14687.5,1.43123003642204E-7
14718.75,1.45537888250912E-7
14750,1.45485919486669E-7
14781.25,1.43906405625654E-7
14812.5,1.43092745164687E-7
14843.75,1.44956038624021E-7
14875,1.46307711541735E-7
14906.25,1.44726798212297E-7
14937.5,1.42525480571569E-7
14968.75,1.3999831974166E-7
15000,1.38383844326455E-7
15031.25,1.38463127133811E-7
15062.5,1.39646872902682E-7
15093.75,1.41860449981709E-7
15125,1.43428226546047E-7
15156.25,1.41944680505E-7
15187.5,1.4063759380264E-7
15218.75,1.42341981062055E-7
15250,1.4335839755327E-7
15281.25,1.42560914812442E-7
15312.5,1.44188881895885E-7
15343.75,1.47867009105799E-7
15375,1.48140582931383E-7
15406.25,1.45129677891941E-7
15437.5,1.41868616970633E-7
15468.75,1.38308789488947E-7
15500,1.37765026953499E-7
15531.25,1.41505173399425E-7
15562.5,1.43042171690821E-7
15593.75,1.42206160727758E-7
15625,1.42703307733993E-7
15656.25,1.43168885600628E-7
15687.5,1.44212504555804E-7
15718.75,1.45143533615285E-7
15750,1.43909072752272E-7
15781.25,1.42944491729041E-7
15812.5,1.42821223940433E-7
15843.75,1.4133420988282E-7
15875,1.40454658509052E-7
15906.25,1.40873626324155E-7
15937.5,1.42134582253472E-7
15968.75,1.44106713989919E-7
16000,1.4571568897834E-7
16031.25,1.44511280015189E-7
16062.5,1.43124116278972E-7
16093.75,1.46115772190076E-7
16125,1.48041460922484E-7
16156.25,1.44156977729423E-7
16187.5,1.39956153915843E-7
16218.75,1.39781126941812E-7
16250,1.41712477693325E-7
16281.25,1.43149483477106E-7
16312.5,1.41350640307988E-7
16343.75,1.38022222277291E-7
16375,1.3866232475438E-7
16406.25,1.4281215362059E-7
16437.5,1.46291147053532E-7
16468.75,1.48790627994911E-7
16500,1.50890965199942E-7
16531.25,1.49632843500433E-7
16562.5,1.45619192516561E-7
16593.75,1.45248878253388E-7
16625,1.47273560992852E-7
16656.25,1.4732498924461E-7
16687.5,1.44975255304845E-7
16718.75,1.43705953020581E-7
16750,1.44483212825279E-7
16781.25,1.43363431731531E-7
16812.5,1.41268454620619E-7
16843.75,1.42215506565597E-7
16875,1.43576634589769E-7
16906.25,1.43547758868988E-7
16937.5,1.43136383239197E-7
16968.75,1.42690924849826E-7
17000,1.43023623127261E-7
17031.25,1.45404905760654E-7
17062.5,1.45441975684251E-7
17093.75,1.41774354987124E-7
17125,1.40402945761986E-7
17156.25,1.40496761911535E-7
17187.5,1.40552747012162E-7
17218.75,1.42801796026064E-7
17250,1.44237659106745E-7
17281.25,1.44717339457769E-7
17312.5,1.44518604986722E-7
17343.75,1.44112713697637E-7
17375,1.45484768780235E-7
17406.25,1.4577397635169E-7
17437.5,1.43595900801258E-7
17468.75,1.41485290608447E-7
17500,1.39426994817804E-7
17531.25,1.39073406923309E-7
17562.5,1.39692610481209E-7
17593.75,1.40035275497573E-7
17625,1.43679156564749E-7
17656.25,1.47314907368071E-7
17687.5,1.47166745468561E-7
17718.75,1.456802512999E-7
17750,1.44855780453111E-7
17781.25,1.43543627196339E-7
17812.5,1.42499020888903E-7
17843.75,1.44796192881502E-7
17875,1.47432493287056E-7
17906.25,1.45654848292486E-7
17937.5,1.42988539139097E-7
17968.75,1.4208886920365E-7
18000,1.41458463169856E-7
18031.25,1.43327341237619E-7
18062.5,1.45932821044276E-7
18093.75,1.44563959273079E-7
18125,1.41514233715686E-7
18156.25,1.40497306833163E-7
18187.5,1.39062609369484E-7
18218.75,1.37088780193496E-7
18250,1.38486738749966E-7
18281.25,1.41650840008174E-7
18312.5,1.43405563792178E-7
18343.75,1.43698217229199E-7
18375,1.43823842119428E-7
18406.25,1.44221564663239E-7
18437.5,1.45968309297315E-7
18468.75,1.48215445691606E-7
18500,1.4683959708652E-7
18531.25,1.45654820259134E-7
18562.5,1.47761479229758E-7
18593.75,1.48927462201521E-7
18625,1.492043665518E-7
18656.25,1.50630648129378E-7
18687.5,1.50975728874632E-7
18718.75,1.48286154097754E-7
18750,1.45191933866062E-7
18781.25,1.45005261750867E-7
18812.5,1.4419674710691E-7
18843.75,1.41087154899419E-7
18875,1.39936452243452E-7
18906.25,1.39766345225142E-7
18937.5,1.39260238476005E-7
18968.75,1.39637947285265E-7
19000,1.39454198419803E-7
19031.25,1.38067544296104E-7
19062.5,1.38573609291174E-7
19093.75,1.40137343443258E-7
19125,1.40008819113654E-7
19156.25,1.39631652956503E-7
19187.5,1.40102046708035E-7
19218.75,1.4009296063976E-7
19250,1.39369649281709E-7
19281.25,1.39352311361317E-7
19312.5,1.40297753249788E-7
19343.75,1.41841854836239E-7
19375,1.44861072651456E-7
19406.25,1.47210805428958E-7
19437.5,1.45235053665927E-7
19468.75,1.40776870835475E-7
19500,1.40181377223975E-7
19531.25,1.44696839841095E-7
19562.5,1.47388326449852E-7
19593.75,1.45833416392003E-7
19625,1.43566374810477E-7
19656.25,1.42108021054838E-7
19687.5,1.40718631820687E-7
19718.75,1.4163610207134E-7
19750,1.4406281714726E-7
19781.25,1.4382756828999E-7
19812.5,1.4138974065008E-7
19843.75,1.39443774415869E-7
19875,1.38356555698402E-7
19906.25,1.38779989321265E-7
19937.5,1.39725797027023E-7
19968.75,1.39639073070254E-7
20000,1.40792568762981E-7
20031.25,1.42746499922496E-7
20062.5,1.43801014555916E-7
20093.75,1.41950980138542E-7
20125,1.38003102556199E-7
20156.25,1.37708093830302E-7
20187.5,1.39698397870435E-7
20218.75,1.39572263217788E-7
20250,1.39553129105068E-7
20281.25,1.40295941528555E-7
20312.5,1.4003095999989E-7
20343.75,1.40042484706334E-7
20375,1.40743199584167E-7
20406.25,1.40921776332679E-7
20437.5,1.40567264483162E-7
20468.75,1.40937740593767E-7
20500,1.43618661458933E-7
20531.25,1.45147767435424E-7
20562.5,1.45046740963848E-7
20593.75,1.47885757793896E-7
20625,1.48972481505433E-7
20656.25,1.45900437652715E-7
20687.5,1.42780942744372E-7
20718.75,1.42656875320656E-7
20750,1.44467491969189E-7
20781.25,1.44980479773611E-7
20812.5,1.43994068618578E-7
20843.75,1.42717992685063E-7
20875,1.42526275575347E-7
20906.25,1.42541766520685E-7
20937.5,1.40252991790615E-7
20968.75,1.37730826916722E-7
21000,1.38120072304626E-7
21031.25,1.39782667831197E-7
21062.5,1.40318619099544E-7
21093.75,1.40104713397294E-7
21125,1.40278849079102E-7
21156.25,1.42328770639401E-7
21187.5,1.43802349102762E-7
21218.75,1.43736373586559E-7
21250,1.43144655711837E-7
21281.25,1.40925673401731E-7
21312.5,1.38948056694583E-7
21343.75,1.38459308205091E-7
21375,1.37349501241075E-7
21406.25,1.3621712767431E-7
21437.5,1.3580834374047E-7
21468.75,1.36034175998003E-7
21500,1.37725638737093E-7
21531.25,1.39462418485762E-7
21562.5,1.38432285168863E-7
21593.75,1.36532570604917E-7
21625,1.38582706582715E-7
21656.25,1.42339700522903E-7
21687.5,1.421912865149E-7
21718.75,1.3932674369836E-7
21750,1.38463318814716E-7
21781.25,1.41218254276409E-7
21812.5,1.44028050085594E-7
21843.75,1.44215038611937E-7
21875,1.44097809594869E-7
21906.25,1.44736792361766E-7
21937.5,1.43450152768429E-7
21968.75,1.38909319924536E-7
22000,1.35359719313391E-7
22031.25,1.3574192707162E-7
22062.5,1.36377792188536E-7
22093.75,1.35766072093941E-7
22125,1.35201695612475E-7
22156.25,1.35716664570417E-7
22187.5,1.39357512231424E-7
22218.75,1.4346530203662E-7
22250,1.43500205440289E-7
22281.25,1.42050320611337E-7
22312.5,1.43198885619413E-7
22343.75,1.44443953412993E-7
22375,1.42223301472096E-7
22406.25,1.39077935627337E-7
22437.5,1.37156606263107E-7
22468.75,1.35817844216579E-7
22500,1.35430423855078E-7
22531.25,1.35591839863717E-7
22562.5,1.35021095282298E-7
22593.75,1.34670993207231E-7
22625,1.37085846336805E-7
22656.25,1.4045242000457E-7
22687.5,1.40290273382113E-7
22718.75,1.37980503106443E-7
22750,1.37167382688078E-7
22781.25,1.39792080762936E-7
22812.5,1.43056564974767E-7
22843.75,1.4236463386792E-7
22875,1.40080361579639E-7
22906.25,1.40891247977517E-7
22937.5,1.4266864582896E-7
22968.75,1.41806017763302E-7
23000,1.41134248400288E-7
23031.25,1.42477105916284E-7
23062.5,1.42158776061603E-7
23093.75,1.40784208837471E-7
23125,1.38760731246622E-7
23156.25,1.35425283225405E-7
23187.5,1.34719215743793E-7
23218.75,1.36524278812785E-7
23250,1.38984520522073E-7
23281.25,1.41437837650606E-7
23312.5,1.42288242419752E-7
23343.75,1.41677767915562E-7
23375,1.39897011387788E-7
23406.25,1.38194291529488E-7
23437.5,1.37618948666179E-7
23468.75,1.38325461201579E-7
23500,1.39468252023148E-7
23531.25,1.38889433008716E-7
23562.5,1.38395041508776E-7
23593.75,1.39042127681219E-7
23625,1.3900470961021E-7
23656.25,1.38488574139371E-7
23687.5,1.37773710854865E-7
23718.75,1.34789211153034E-7
23750,1.3403073226044E-7
23781.25,1.38144067688819E-7
23812.5,1.40077738151016E-7
23843.75,1.39552529293073E-7
23875,1.39026063228258E-7
23906.25,1.37899639997352E-7
23937.5,1.3830275942826E-7
23968.75,1.40228505573002E-7
24000,1.41517357081977E-7
24031.25,1.43310531986508E-7
24062.5,1.45362068086468E-7
24093.75,1.44895541202359E-7
24125,1.44120051843525E-7
24156.25,1.44244828128966E-7
24187.5,1.41098694622588E-7
24218.75,1.37465697916528E-7
24250,1.37630912687917E-7
24281.25,1.39888787670279E-7
24312.5,1.41325390831746E-7
24343.75,1.41270159933713E-7
24375,1.39462352610044E-7
24406.25,1.3640326901165E-7
24437.5,1.36154284273022E-7
24468.75,1.39949341433555E-7
24500,1.42991994383917E-7
24531.25,1.41412206721107E-7
24562.5,1.37224488074996E-7
24593.75,1.34565454221607E-7
24625,1.33779308163202E-7
24656.25,1.34357121046189E-7
24687.5,1.35132827902931E-7
24718.75,1.34644248516593E-7
24750,1.33558162379258E-7
24781.25,1.35822105685761E-7
24812.5,1.42116834636707E-7
24843.75,1.45541395193387E-7
24875,1.44190333204725E-7
24906.25,1.44125342726547E-7
24937.5,1.42827720765815E-7
24968.75,1.37217897057389E-7
25000,1.34119042903297E-7
25031.25,1.3540370100407E-7
25062.5,1.36096774838832E-7
25093.75,1.33954686267238E-7
25125,1.31210962378258E-7
25156.25,1.31931403486124E-7
25187.5,1.35682738185182E-7
25218.75,1.39115686215826E-7
25250,1.39831938125381E-7
25281.25,1.38234956658027E-7
25312.5,1.36692573112438E-7
25343.75,1.36933504811957E-7
25375,1.38446162322705E-7
25406.25,1.3984145723595E-7
25437.5,1.39636682593901E-7
25468.75,1.38191100442841E-7
25500,1.36442066370544E-7
25531.25,1.36222777961983E-7
25562.5,1.37145568480528E-7
25593.75,1.36983777540226E-7
25625,1.3716657150876E-7
25656.25,1.36348919189381E-7
25687.5,1.35044855175465E-7
25718.75,1.3680179891226E-7
25750,1.36916887275648E-7
25781.25,1.35026984617843E-7
25812.5,1.36091426853979E-7
25843.75,1.38594963041744E-7
25875,1.41513598935355E-7
25906.25,1.43578618204721E-7
25937.5,1.43733199011683E-7
25968.75,1.43211188942703E-7
26000,1.42281096779169E-7
26031.25,1.40465385392573E-7
26062.5,1.37837326709305E-7
26093.75,1.37911846134412E-7
26125,1.42861929645753E-7
26156.25,1.44391110188102E-7
26187.5,1.3998003145521E-7
26218.75,1.36817333659748E-7
26250,1.37194781359201E-7
26281.25,1.37850160396297E-7
26312.5,1.37658493472378E-7
26343.75,1.37533286149842E-7
26375,1.37061002840349E-7
26406.25,1.36236213314938E-7
26437.5,1.36955308075873E-7
26468.75,1.39463699396308E-7
26500,1.39343132450777E-7
26531.25,1.34811860971889E-7
26562.5,1.31985623370222E-7
26593.75,1.35292327899725E-7
26625,1.42519850958471E-7
26656.25,1.47497902097497E-7
26687.5,1.45839401060417E-7
26718.75,1.41173488214662E-7
26750,1.38664231436264E-7
26781.25,1.39588206308182E-7
26812.5,1.42334809432074E-7
26843.75,1.43789464529338E-7
26875,1.41819730346026E-7
26906.25,1.38234543124491E-7
26937.5,1.36790986224053E-7
26968.75,1.37435085194686E-7
27000,1.4003492559731E-7
27031.25,1.43198764434262E-7
27062.5,1.4225576847589E-7
27093.75,1.38702366929417E-7
27125,1.36947161142783E-7
27156.25,1.3634504853007E-7
27187.5,1.34726853373784E-7
27218.75,1.35293082410696E-7
27250,1.37605692828641E-7
27281.25,1.39817921077443E-7
27312.5,1.41123254089019E-7
27343.75,1.38555803389781E-7
27375,1.34352547183385E-7
27406.25,1.33435778502071E-7
27437.5,1.34874906024932E-7
27468.75,1.36025441079994E-7
27500,1.38938975977933E-7
27531.25,1.41914523249383E-7
27562.5,1.4192234187967E-7
27593.75,1.41453815834581E-7
27625,1.40273587765523E-7
27656.25,1.36404945345483E-7
27687.5,1.32301811654581E-7
27718.75,1.30965193153615E-7
27750,1.30609604233439E-7
27781.25,1.3034509725487E-7
27812.5,1.32244510329498E-7
27843.75,1.34563808074103E-7
27875,1.37390178655501E-7
27906.25,1.39685434370188E-7
27937.5,1.39087829268365E-7
27968.75,1.38133042301535E-7
28000,1.37619482730244E-7
28031.25,1.3554593104599E-7
28062.5,1.33922600225821E-7
28093.75,1.34501565888466E-7
28125,1.35966075303564E-7
28156.25,1.38180086195749E-7
28187.5,1.40289742209029E-7
28218.75,1.40376784099283E-7
28250,1.40063490618151E-7
28281.25,1.39338172803769E-7
28312.5,1.38621387343954E-7
28343.75,1.36498248734434E-7
28375,1.32063019647617E-7
28406.25,1.31149767565647E-7
28437.5,1.34940486115227E-7
28468.75,1.38834777093929E-7
28500,1.38721014981945E-7
28531.25,1.35922072811396E-7
28562.5,1.34581474660884E-7
28593.75,1.34667006098776E-7
28625,1.35043766681218E-7
28656.25,1.3629472744563E-7
28687.5,1.37483333155754E-7
28718.75,1.37362053522211E-7
28750,1.36594044256951E-7
28781.25,1.3587429971461E-7
28812.5,1.35890353649115E-7
28843.75,1.35187485410732E-7
28875,1.32606815791429E-7
28906.25,1.31694350500412E-7
28937.5,1.34314970273048E-7
28968.75,1.40462216832016E-7
29000,1.44218422002947E-7
29031.25,1.40844145702711E-7
29062.5,1.37801040825523E-7
29093.75,1.39759472363013E-7
29125,1.40763963144941E-7
29156.25,1.38671983042846E-7
29187.5,1.38052275935482E-7
29218.75,1.38349546395895E-7
29250,1.3581413129316E-7
29281.25,1.33672713885918E-7
29312.5,1.33891490004026E-7
29343.75,1.35255253592621E-7
29375,1.3754705362485E-7
29406.25,1.38904646093844E-7
29437.5,1.38028368131848E-7
29468.75,1.36177066857761E-7
29500,1.35047553696284E-7
29531.25,1.34151607001822E-7
29562.5,1.32706174271251E-7
29593.75,1.32690496705038E-7
29625,1.34727429209285E-7
29656.25,1.36330822725886E-7
29687.5,1.37293689526716E-7
29718.75,1.39416854334852E-7
29750,1.4141497863674E-7
29781.25,1.38817460611823E-7
29812.5,1.35051552245633E-7
29843.75,1.36239045584994E-7
29875,1.39166784369178E-7
29906.25,1.39879023658311E-7
29937.5,1.38461711635837E-7
29968.75,1.37350370796642E-7
30000,1.37849338424462E-7
30031.25,1.36773418447225E-7
30062.5,1.33242013548165E-7
30093.75,1.32002807561368E-7
30125,1.32396410636581E-7
30156.25,1.31942583470665E-7
30187.5,1.31739703115881E-7
30218.75,1.32303763706954E-7
30250,1.32623280646654E-7
30281.25,1.30945074198784E-7
30312.5,1.30154232952487E-7
30343.75,1.3280097715853E-7
30375,1.36659949693122E-7
30406.25,1.39076775940838E-7
30437.5,1.39407767542695E-7
30468.75,1.39276407846073E-7
30500,1.37532900195374E-7
30531.25,1.34454009325554E-7
30562.5,1.33940221825249E-7
30593.75,1.3410960476232E-7
30625,1.34947445555264E-7
30656.25,1.37588036176586E-7
30687.5,1.39501389497818E-7
30718.75,1.39689270931615E-7
30750,1.39653524711726E-7
30781.25,1.40052528869872E-7
30812.5,1.40083487767924E-7
30843.75,1.39586487759859E-7
30875,1.3900366681171E-7
30906.25,1.39816227255657E-7
30937.5,1.40586151654599E-7
30968.75,1.38293363228293E-7
31000,1.36258839860546E-7
31031.25,1.36698076799922E-7
31062.5,1.37009745176612E-7
31093.75,1.3661011822251E-7
31125,1.36871348319446E-7
31156.25,1.37987176062289E-7
31187.5,1.393100232795E-7
31218.75,1.40554155976998E-7
31250,1.41616100706745E-7
31281.25,1.42361471726883E-7
31312.5,1.41186958566191E-7
31343.75,1.38272989070033E-7
31375,1.36919653277363E-7
31406.25,1.36473709662722E-7
31437.5,1.35835843691969E-7
31468.75,1.37044043227466E-7
31500,1.37299912600909E-7
31531.25,1.36414673661931E-7
31562.5,1.35331670036338E-7
31593.75,1.34567509981226E-7
31625,1.36373795098737E-7
31656.25,1.3770088843023E-7
31687.5,1.36894391865752E-7
31718.75,1.35404726293944E-7
31750,1.35250204422304E-7
31781.25,1.36624075854979E-7
31812.5,1.37603927265388E-7
31843.75,1.37939637158632E-7
31875,1.36844153435796E-7
31906.25,1.36692505901859E-7
31937.5,1.40997691832074E-7
31968.75,1.44909024826707E-7
32000,1.42937564576169E-7
32031.25,1.38406628679709E-7
32062.5,1.36542663630837E-7
32093.75,1.36644815398916E-7
32125,1.36666918673685E-7
32156.25,1.37972512889971E-7
32187.5,1.4102560582562E-7
32218.75,1.42744533349115E-7
32250,1.42216970834766E-7
32281.25,1.42388537668696E-7
32312.5,1.4356150418043E-7
32343.75,1.41491228323748E-7
32375,1.36401315757402E-7
32406.25,1.33278943241625E-7
32437.5,1.33480095876448E-7
32468.75,1.3541331279188E-7
32500,1.36509540759764E-7
32531.25,1.34636742674348E-7
32562.5,1.32684588289812E-7
32593.75,1.32250106502141E-7
32625,1.3345540723906E-7
32656.25,1.35327445925522E-7
32687.5,1.3521264294276E-7
32718.75,1.34777449314523E-7
32750,1.34633201894421E-7
32781.25,1.33845745384237E-7
32812.5,1.35524375570004E-7
32843.75,1.38514502865274E-7
32875,1.39599818752551E-7
32906.25,1.38884530659634E-7
32937.5,1.37162828114526E-7
32968.75,1.34531313400051E-7
33000,1.33202468048789E-7
33031.25,1.32885511394272E-7
33062.5,1.3289662647639E-7
33093.75,1.34497710372236E-7
33125,1.36282616161297E-7
33156.25,1.3740813560334E-7
33187.5,1.37735577635512E-7
33218.75,1.38268256816007E-7
33250,1.40177699774695E-7
33281.25,1.43632364450046E-7
33312.5,1.4496647467514E-7
33343.75,1.43609008878501E-7
33375,1.42925966199566E-7
33406.25,1.42502301755239E-7
33437.5,1.40480609474662E-7
33468.75,1.37034046723751E-7
33500,1.34391579565175E-7
33531.25,1.34965969532981E-7
33562.5,1.35835513034178E-7
33593.75,1.34924508303655E-7
33625,1.35865712297164E-7
33656.25,1.37350162698375E-7
33687.5,1.36748301712169E-7
33718.75,1.35720462894896E-7
33750,1.36404548714785E-7
33781.25,1.36832702519428E-7
33812.5,1.34350055046424E-7
33843.75,1.32637242227526E-7
33875,1.35368768660007E-7
33906.25,1.39323138939871E-7
33937.5,1.39030343837482E-7
33968.75,1.35824833857737E-7
34000,1.34158888893441E-7
34031.25,1.35393658784011E-7
34062.5,1.37755905303827E-7
34093.75,1.3777965293612E-7
34125,1.36605126603052E-7
34156.25,1.37710925478985E-7
34187.5,1.39098250592039E-7
34218.75,1.38294876406527E-7
34250,1.36876292941227E-7
34281.25,1.37195168264857E-7
34312.5,1.38916330375729E-7
34343.75,1.40543493974604E-7
34375,1.411671828098E-7
34406.25,1.39715743987239E-7
34437.5,1.3763961988368E-7
34468.75,1.39711813168872E-7
34500,1.43862220601645E-7
34531.25,1.44350227536294E-7
34562.5,1.42362740893968E-7
34593.75,1.40380223640124E-7
34625,1.39180977008673E-7
34656.25,1.38240701692395E-7
34687.5,1.35791791481681E-7
34718.75,1.33016858824913E-7
34750,1.33003397592696E-7
34781.25,1.3462113069852E-7
34812.5,1.35324903852429E-7
34843.75,1.35001232946032E-7
34875,1.34459460396355E-7
34906.25,1.33517915397134E-7
34937.5,1.32284743471774E-7
34968.75,1.31196786771679E-7
35000,1.31636839031124E-7
35031.25,1.34366169541955E-7
35062.5,1.37814855622559E-7
35093.75,1.39105295551632E-7
35125,1.37061844435345E-7
35156.25,1.34649199110806E-7
35187.5,1.34571712432691E-7
35218.75,1.35562663926251E-7
35250,1.35855636603594E-7
35281.25,1.37914792026275E-7
35312.5,1.39805713420066E-7
35343.75,1.37648645415756E-7
35375,1.34172918926522E-7
35406.25,1.32413610899624E-7
35437.5,1.30176752149157E-7
35468.75,1.28750168272777E-7
35500,1.32416262825641E-7
35531.25,1.36905420074128E-7
35562.5,1.37419872844587E-7
35593.75,1.36724352546473E-7
35625,1.38461247172411E-7
35656.25,1.4019011533035E-7
35687.5,1.40481619510528E-7
35718.75,1.41419100317076E-7
35750,1.41613188560792E-7
35781.25,1.38826203683163E-7
35812.5,1.35608484276326E-7
35843.75,1.33842519260876E-7
35875,1.33691215965004E-7
35906.25,1.36372515107014E-7
35937.5,1.40944758791473E-7
35968.75,1.42593090180784E-7
36000,1.39987804998089E-7
36031.25,1.36539732992029E-7
36062.5,1.35362396474778E-7
36093.75,1.36072598474757E-7
36125,1.36606531448528E-7
36156.25,1.38724135011114E-7
36187.5,1.40681333137476E-7
36218.75,1.40183459855432E-7
36250,1.39448569261647E-7
36281.25,1.40157395605043E-7
36312.5,1.40668619869837E-7
36343.75,1.38564054650496E-7
36375,1.35308767740786E-7
36406.25,1.33317593173865E-7
36437.5,1.33249881403637E-7
36468.75,1.32846382287985E-7
36500,1.32579046441684E-7
36531.25,1.33993994529015E-7
36562.5,1.34438786153856E-7
36593.75,1.34092066323578E-7
36625,1.33688245725351E-7
36656.25,1.33420898209599E-7
36687.5,1.34880203858306E-7
36718.75,1.36851560586603E-7
36750,1.38446560477686E-7
36781.25,1.37551766163586E-7
36812.5,1.33019867078253E-7
36843.75,1.30150554538359E-7
36875,1.32733109513128E-7
36906.25,1.34710918422894E-7
36937.5,1.33474260653415E-7
36968.75,1.34860956591189E-7
37000,1.37721436168321E-7
37031.25,1.38061947325563E-7
37062.5,1.35645552345089E-7
37093.75,1.33748050127578E-7
37125,1.36150078186549E-7
37156.25,1.37832075883571E-7
37187.5,1.35972494272011E-7
37218.75,1.3665560977325E-7
37250,1.40729033930523E-7
37281.25,1.42438791392059E-7
37312.5,1.39656360771329E-7
37343.75,1.35979273274594E-7
37375,1.35105570190465E-7
37406.25,1.35038845670648E-7
37437.5,1.3287709957037E-7
37468.75,1.31451418709785E-7
37500,1.34307909656145E-7
37531.25,1.37250700230936E-7
37562.5,1.35475618324512E-7
37593.75,1.3359407247544E-7
37625,1.35035270077364E-7
37656.25,1.34523801256519E-7
37687.5,1.31548165701043E-7
37718.75,1.31034638652196E-7
37750,1.31965613574173E-7
37781.25,1.32322819780418E-7
37812.5,1.32960871409624E-7
37843.75,1.33281080116637E-7
37875,1.34023534804442E-7
37906.25,1.35184721722979E-7
37937.5,1.36112127563208E-7
37968.75,1.35803999155738E-7
38000,1.35198396139791E-7
38031.25,1.3708023162381E-7
38062.5,1.38764262338932E-7
38093.75,1.38054146677699E-7
38125,1.37357341906397E-7
38156.25,1.36528428510208E-7
38187.5,1.34225853113476E-7
38218.75,1.31176493226746E-7
38250,1.30499689554168E-7
38281.25,1.32985444604816E-7
38312.5,1.34082314142004E-7
38343.75,1.32435919342349E-7
38375,1.32380819762963E-7
38406.25,1.33127835217651E-7
38437.5,1.33545971079394E-7
38468.75,1.35431757974875E-7
38500,1.3782783952858E-7
38531.25,1.39241977877541E-7
38562.5,1.40218313853754E-7
38593.75,1.40509795857573E-7
38625,1.40380812643952E-7
38656.25,1.40228811313136E-7
38687.5,1.39678082493293E-7
38718.75,1.37695558267198E-7
38750,1.34650753241434E-7
38781.25,1.31651316176362E-7
38812.5,1.30026553120063E-7
38843.75,1.31651665097012E-7
38875,1.35188180099314E-7
38906.25,1.36778023303619E-7
38937.5,1.3674032907664E-7
38968.75,1.36445829538892E-7
39000,1.37169838522823E-7
39031.25,1.36676822529858E-7
39062.5,1.32328782918974E-7
39093.75,1.30551779106701E-7
39125,1.35434275430673E-7
39156.25,1.39468112957969E-7
39187.5,1.37321352909252E-7
39218.75,1.33699278802157E-7
39250,1.31801948414223E-7
39281.25,1.30970415313877E-7
39312.5,1.31368743497619E-7
39343.75,1.33050513619295E-7
39375,1.3496478207781E-7
39406.25,1.35446213865336E-7
39437.5,1.35540312793119E-7
39468.75,1.35188300914355E-7
39500,1.33575335319424E-7
39531.25,1.3289069649989E-7
39562.5,1.33746607624906E-7
39593.75,1.34702218947709E-7
39625,1.3451291928648E-7
39656.25,1.34667885395197E-7
39687.5,1.34966143490505E-7
39718.75,1.36566487689277E-7
39750,1.38357042647279E-7
39781.25,1.36454230830503E-7
39812.5,1.33225318672414E-7
39843.75,1.32705035825375E-7
39875,1.33662159757793E-7
39906.25,1.33262559394848E-7
39937.5,1.33392609601903E-7
39968.75,1.36384356443261E-7
40000,1.38811643848059E-7
40031.25,1.37933272731326E-7
40062.5,1.35507555097196E-7
40093.75,1.33727097965398E-7
40125,1.3340226681478E-7
40156.25,1.33717693231783E-7
40187.5,1.3390064620091E-7
40218.75,1.36649596403471E-7
40250,1.40567598534381E-7
40281.25,1.41264393580285E-7
40312.5,1.42158223147289E-7
40343.75,1.4417622303159E-7
40375,1.42163472156222E-7
40406.25,1.36888679814272E-7
40437.5,1.32087945352706E-7
40468.75,1.29245090455165E-7
40500,1.28899557994088E-7
40531.25,1.28833624577304E-7
40562.5,1.31233553044833E-7
40593.75,1.36182201596456E-7
40625,1.37463536980052E-7
40656.25,1.34983651546553E-7
40687.5,1.31876216962821E-7
40718.75,1.31215886914961E-7
40750,1.34857209753023E-7
40781.25,1.36869043751434E-7
40812.5,1.34589651025028E-7
40843.75,1.33327960201437E-7
40875,1.34806727043592E-7
40906.25,1.3529619849643E-7
40937.5,1.34082732868511E-7
40968.75,1.34369200765737E-7
41000,1.35662250364174E-7
41031.25,1.3473136149383E-7
41062.5,1.32624973970721E-7
41093.75,1.32078454817082E-7
41125,1.33052155473077E-7
41156.25,1.34903178910478E-7
41187.5,1.3776973203626E-7
41218.75,1.40281665219814E-7
41250,1.40281927183517E-7
41281.25,1.39639102311301E-7
41312.5,1.39575481235932E-7
41343.75,1.39397977160992E-7
41375,1.38423163242545E-7
41406.25,1.37110893793523E-7
41437.5,1.36414075016337E-7
41468.75,1.36659329713007E-7
41500,1.37489354607778E-7
41531.25,1.37414620924494E-7
41562.5,1.36879261120089E-7
41593.75,1.37294314077362E-7
41625,1.37008530731168E-7
41656.25,1.35747040670538E-7
41687.5,1.36093032021576E-7
41718.75,1.37104528122747E-7
41750,1.37327321997123E-7
41781.25,1.37180212079022E-7
41812.5,1.36174233298617E-7
41843.75,1.35443787071787E-7
41875,1.3614304525971E-7
41906.25,1.35295994783575E-7
41937.5,1.33538793361052E-7
41968.75,1.35339107168169E-7
42000,1.38173910150587E-7
42031.25,1.39340751549208E-7
42062.5,1.40321921847094E-7
42093.75,1.4004835968189E-7
42125,1.39417396155481E-7
42156.25,1.39534306946177E-7
42187.5,1.40275341558642E-7
42218.75,1.40843645609452E-7
42250,1.39991749942439E-7
42281.25,1.38359211762365E-7
42312.5,1.37221371143371E-7
42343.75,1.36601614426152E-7
42375,1.3446135834964E-7
42406.25,1.32753441923172E-7
42437.5,1.333218043975E-7
42468.75,1.33654384910385E-7
42500,1.34299108066041E-7
42531.25,1.35843756693985E-7
42562.5,1.35261661012728E-7
42593.75,1.33637588779646E-7
42625,1.34630131121227E-7
42656.25,1.35578303009483E-7
42687.5,1.34059190795649E-7
42718.75,1.32241291458093E-7
42750,1.3303791516982E-7
42781.25,1.35624486882368E-7
42812.5,1.36417696782052E-7
42843.75,1.35096896128622E-7
42875,1.32650748312122E-7
42906.25,1.30464731246811E-7
42937.5,1.30760499697882E-7
42968.75,1.32713381637765E-7
43000,1.34768693538421E-7
43031.25,1.36523276884954E-7
43062.5,1.38102067486712E-7
43093.75,1.38903558450309E-7
43125,1.38965687459366E-7
43156.25,1.39361768010309E-7
43187.5,1.38402535296023E-7
43218.75,1.35849550252172E-7
43250,1.34420994497421E-7
43281.25,1.35539243340586E-7
43312.5,1.37888521035284E-7
43343.75,1.39713917412534E-7
43375,1.3907958706294E-7
43406.25,1.36821646067429E-7
43437.5,1.35784739997499E-7
43468.75,1.34763883678857E-7
43500,1.33298357675552E-7
43531.25,1.3282993740219E-7
43562.5,1.34153235379714E-7
43593.75,1.37305027652602E-7
43625,1.39577989775887E-7
43656.25,1.39324062118612E-7
43687.5,1.37877882414025E-7
43718.75,1.36397319356955E-7
43750,1.35561368745545E-7
43781.25,1.35632803577729E-7
43812.5,1.35067401663157E-7
43843.75,1.34279899138747E-7
43875,1.34160715011169E-7
43906.25,1.33534948269108E-7
43937.5,1.32296101928954E-7
43968.75,1.33576871376052E-7
44000,1.36911027044284E-7
44031.25,1.37444146438941E-7
44062.5,1.37030620034533E-7
44093.75,1.38584275528892E-7
44125,1.38897216143045E-7
44156.25,1.3715075627455E-7
44187.5,1.34952604386784E-7
44218.75,1.32255301082199E-7
44250,1.30446350615402E-7
44281.25,1.30316842037502E-7
44312.5,1.30148730978952E-7
44343.75,1.30436940200843E-7
44375,1.31401608520537E-7
44406.25,1.32123729667987E-7
44437.5,1.31553310402507E-7
44468.75,1.30127944517798E-7
44500,1.31046121041822E-7
44531.25,1.32444775384131E-7
44562.5,1.32590210311561E-7
44593.75,1.32910728311047E-7
44625,1.33502577837305E-7
44656.25,1.34964532483992E-7
44687.5,1.37716670137089E-7
44718.75,1.39751634988755E-7
44750,1.37648511928221E-7
44781.25,1.33741478600514E-7
44812.5,1.33113081542984E-7
44843.75,1.34910246206068E-7
44875,1.35227854485407E-7
44906.25,1.35248551513939E-7
44937.5,1.35586163282937E-7
44968.75,1.34261120839567E-7
45000,1.32148898834307E-7
45031.25,1.30582051178488E-7
45062.5,1.3076441466216E-7
45093.75,1.33403376354684E-7
45125,1.34915542651711E-7
45156.25,1.33458160844968E-7
45187.5,1.3286699699586E-7
45218.75,1.3376348164303E-7
45250,1.34006228862654E-7
45281.25,1.37296946081009E-7
45312.5,1.40845269094139E-7
45343.75,1.39494986557912E-7
45375,1.37316223597831E-7
45406.25,1.36562690471116E-7
45437.5,1.38786226657878E-7
45468.75,1.41408308622818E-7
45500,1.39874688743956E-7
45531.25,1.37639293559191E-7
45562.5,1.36979231766209E-7
45593.75,1.35359598651349E-7
45625,1.33784573080317E-7
45656.25,1.34159330207503E-7
45687.5,1.34980603871109E-7
45718.75,1.34508456968947E-7
45750,1.33497011228256E-7
45781.25,1.33647717122055E-7
45812.5,1.3310116391957E-7
45843.75,1.33022169266997E-7
45875,1.35515261287232E-7
45906.25,1.3820782328189E-7
45937.5,1.39067674267988E-7
45968.75,1.38694911422378E-7
46000,1.36919571267334E-7
46031.25,1.35625773933737E-7
46062.5,1.35918527963441E-7
46093.75,1.34929077908851E-7
46125,1.33979679092838E-7
46156.25,1.34348824156846E-7
46187.5,1.34611849093246E-7
46218.75,1.33666612143566E-7
46250,1.31525753251264E-7
46281.25,1.31196335492308E-7
46312.5,1.33206023869469E-7
46343.75,1.36275874720446E-7
46375,1.39183213959348E-7
46406.25,1.394047213944E-7
46437.5,1.3673218426578E-7
46468.75,1.32756148574949E-7
46500,1.29408451466311E-7
46531.25,1.31182088271325E-7
46562.5,1.35085931861586E-7
46593.75,1.35858093608948E-7
46625,1.344334633315E-7
46656.25,1.33518328248271E-7
46687.5,1.35113488185796E-7
46718.75,1.37246230237199E-7
46750,1.39572307100353E-7
46781.25,1.40249862102171E-7
46812.5,1.37103962271041E-7
46843.75,1.3485177476032E-7
46875,1.3530329053055E-7
46906.25,1.34670849188258E-7
46937.5,1.32891963939381E-7
46968.75,1.34138921717859E-7
47000,1.36395770158997E-7
47031.25,1.37106046976305E-7
47062.5,1.36947653103087E-7
47093.75,1.35038959060007E-7
47125,1.32649640172353E-7
47156.25,1.33236520329838E-7
47187.5,1.3386377363513E-7
47218.75,1.3290496025778E-7
47250,1.32924744174957E-7
47281.25,1.3461827197163E-7
47312.5,1.36800537849104E-7
47343.75,1.37757253952956E-7
47375,1.3761450546951E-7
47406.25,1.34584887860304E-7
47437.5,1.29926850371193E-7
47468.75,1.29735351082331E-7
47500,1.32786271730003E-7
47531.25,1.35382552668803E-7
47562.5,1.37565301754949E-7
47593.75,1.38342898297702E-7
47625,1.37552886759273E-7
47656.25,1.36519239190815E-7
47687.5,1.36588140280009E-7
47718.75,1.36459452387788E-7
47750,1.35491787303601E-7
47781.25,1.35016513670323E-7
47812.5,1.34760187166184E-7
47843.75,1.34391108630866E-7
47875,1.34131692015179E-7
47906.25,1.32984300873623E-7
47937.5,1.32950974829003E-7
47968.75,1.34848027667031E-7
48000,1.36484928926285E-7
48031.25,1.36349248602121E-7
48062.5,1.35020513138904E-7
48093.75,1.34696497296698E-7
48125,1.3477575273798E-7
48156.25,1.35726652807808E-7
48187.5,1.38836637292403E-7
48218.75,1.38106443257709E-7
48250,1.33354065614441E-7
48281.25,1.32104212152202E-7
48312.5,1.33988913067111E-7
48343.75,1.34873316634341E-7
48375,1.3592582033614E-7
48406.25,1.37607896041769E-7
48437.5,1.36374356494825E-7
48468.75,1.337693729291E-7
48500,1.33873747613926E-7
48531.25,1.34355814244134E-7
48562.5,1.3410031820114E-7
48593.75,1.33417853091732E-7
48625,1.31776302419762E-7
48656.25,1.30455212609662E-7
48687.5,1.30645371543268E-7
48718.75,1.3320511193313E-7
48750,1.37121941811737E-7
48781.25,1.39033089819291E-7
48812.5,1.39457280086343E-7
48843.75,1.40906150756025E-7
48875,1.40542419013947E-7
48906.25,1.36867373101818E-7
48937.5,1.33141421875098E-7
48968.75,1.31933361018962E-7
49000,1.33064813945802E-7
49031.25,1.32867242847097E-7
49062.5,1.3192666814824E-7
49093.75,1.32739407971574E-7
49125,1.33189201854222E-7
49156.25,1.3254346206989E-7
49187.5,1.30803553958276E-7
49218.75,1.29908252194436E-7
49250,1.32007145790594E-7
49281.25,1.3362991180963E-7
49312.5,1.33398861617453E-7
49343.75,1.33164681590217E-7
49375,1.33138953070902E-7
49406.25,1.32860082243513E-7
49437.5,1.33551099968741E-7
49468.75,1.32931839862545E-7
49500,1.30102596230033E-7
49531.25,1.29536342581709E-7
49562.5,1.32843224105713E-7
49593.75,1.35477306136668E-7
49625,1.35481736543538E-7
49656.25,1.35583159266709E-7
49687.5,1.36296577373902E-7
49718.75,1.36718775252662E-7
49750,1.35799857389329E-7
49781.25,1.32460027352538E-7
49812.5,1.30139577501209E-7
49843.75,1.30806375094215E-7
49875,1.33912241118795E-7
49906.25,1.37454558704941E-7
49937.5,1.38199041089127E-7
49968.75,1.37131619263423E-7
50000,1.3696081611194E-7
50031.25,1.36386482086307E-7
50062.5,1.34899645123839E-7
50093.75,1.3528141720072E-7
50125,1.36464426894768E-7
50156.25,1.36998986156328E-7
50187.5,1.37379835814852E-7
50218.75,1.3808556840047E-7
50250,1.38470580376635E-7
50281.25,1.37571965169805E-7
50312.5,1.3667692709163E-7
50343.75,1.3632826941128E-7
50375,1.34582764101949E-7
50406.25,1.32986135444395E-7
50437.5,1.33077923785388E-7
50468.75,1.33660838523873E-7
50500,1.34246628583241E-7
50531.25,1.33673698997179E-7
50562.5,1.31597524813018E-7
50593.75,1.31958798567577E-7
50625,1.36597608939727E-7
50656.25,1.39001360877391E-7
50687.5,1.35945968081974E-7
50718.75,1.31840628718274E-7
50750,1.30794430698267E-7
50781.25,1.32163103623051E-7
50812.5,1.32511712222975E-7
50843.75,1.31467011097077E-7
50875,1.31134347634965E-7
50906.25,1.32580401554637E-7
50937.5,1.33426934682536E-7
50968.75,1.31578130954195E-7
51000,1.27639123857467E-7
51031.25,1.25745995813296E-7
51062.5,1.27619924331784E-7
51093.75,1.29741527560727E-7
51125,1.31002764684562E-7
51156.25,1.33102414016391E-7
51187.5,1.35545652398186E-7
51218.75,1.36054975452007E-7
51250,1.34688698787584E-7
51281.25,1.33742539530921E-7
51312.5,1.34197931962091E-7
51343.75,1.3422292512588E-7
51375,1.32023414813574E-7
51406.25,1.30900077933189E-7
51437.5,1.33613975914686E-7
51468.75,1.35656034937911E-7
51500,1.34670985627289E-7
51531.25,1.33580294961096E-7
51562.5,1.34094639380474E-7
51593.75,1.33573203151844E-7
51625,1.30174717229514E-7
51656.25,1.29127160575247E-7
51687.5,1.30897504468325E-7
51718.75,1.32575235112243E-7
51750,1.35642195938131E-7
51781.25,1.37651871325151E-7
51812.5,1.36685209623596E-7
51843.75,1.35924100543023E-7
51875,1.34378582691702E-7
51906.25,1.30637675013842E-7
51937.5,1.28164436591727E-7
51968.75,1.3005320348519E-7
52000,1.33815143656766E-7
52031.25,1.34489915516592E-7
52062.5,1.33277939894227E-7
52093.75,1.34153311471655E-7
52125,1.36250598838595E-7
52156.25,1.35709090168409E-7
52187.5,1.3302663539954E-7
52218.75,1.318617335438E-7
52250,1.32976440334077E-7
52281.25,1.34955546799142E-7
52312.5,1.36253505728692E-7
52343.75,1.37383580726391E-7
52375,1.37284558866709E-7
52406.25,1.3324501671822E-7
52437.5,1.28381105840592E-7
52468.75,1.28727570007139E-7
52500,1.34910647229942E-7
52531.25,1.39096056307793E-7
52562.5,1.38668663082062E-7
52593.75,1.37634784268865E-7
52625,1.35207645030203E-7
52656.25,1.32099289821393E-7
52687.5,1.31957406127922E-7
52718.75,1.32901081466015E-7
52750,1.32382261725955E-7
52781.25,1.3251923058391E-7
52812.5,1.32663060353418E-7
52843.75,1.31985592433567E-7
52875,1.32191879282463E-7
52906.25,1.34722004135084E-7
52937.5,1.3707232297748E-7
52968.75,1.36922419223201E-7
53000,1.35633940027716E-7
53031.25,1.34857058363434E-7
53062.5,1.34396942023344E-7
53093.75,1.34667946036118E-7
53125,1.35889722645852E-7
53156.25,1.35836858205167E-7
53187.5,1.37546430221808E-7
53218.75,1.40421687835933E-7
53250,1.39182810577457E-7
53281.25,1.35691081402073E-7
53312.5,1.32925089752932E-7
53343.75,1.3233018687888E-7
53375,1.3442454086695E-7
53406.25,1.36601988066285E-7
53437.5,1.37041041373377E-7
53468.75,1.37028333044267E-7
53500,1.35296666280345E-7
53531.25,1.31384407853062E-7
53562.5,1.27600273919725E-7
53593.75,1.26686296059275E-7
53625,1.31175606090665E-7
53656.25,1.36079282472564E-7
53687.5,1.37532232194698E-7
53718.75,1.37430338943916E-7
53750,1.35123604109674E-7
53781.25,1.31449834519134E-7
53812.5,1.32119093939582E-7
53843.75,1.37335082166785E-7
53875,1.4057961658827E-7
53906.25,1.41211249671426E-7
53937.5,1.40211710680202E-7
53968.75,1.37645604834242E-7
54000,1.34564581841797E-7
54031.25,1.32434138813364E-7
54062.5,1.31859264004692E-7
54093.75,1.32636911291953E-7
54125,1.33313940786744E-7
54156.25,1.32652018044227E-7
54187.5,1.29996383339415E-7
54218.75,1.25795586640935E-7
54250,1.24016928581226E-7
54281.25,1.26592207788793E-7
54312.5,1.31478937093304E-7
54343.75,1.34969909994076E-7
54375,1.35538053376441E-7
54406.25,1.35029970768146E-7
54437.5,1.33751492227183E-7
54468.75,1.33133470935159E-7
54500,1.33852822753619E-7
54531.25,1.34720465980721E-7
54562.5,1.34737937774907E-7
54593.75,1.33421984641865E-7
54625,1.32122725273969E-7
54656.25,1.30762552824373E-7
54687.5,1.29728037279575E-7
54718.75,1.32789554264275E-7
54750,1.37204505753136E-7
54781.25,1.37586181354735E-7
54812.5,1.36770074791456E-7
54843.75,1.38918549543369E-7
54875,1.40501855029914E-7
54906.25,1.37873617851027E-7
54937.5,1.3484691487382E-7
54968.75,1.34433478518169E-7
55000,1.34515742308878E-7
55031.25,1.34411562369804E-7
55062.5,1.34929463745913E-7
55093.75,1.3473754381319E-7
55125,1.34040945129903E-7
55156.25,1.35464096937894E-7
55187.5,1.35266113575867E-7
55218.75,1.33616619296238E-7
55250,1.35647531532688E-7
55281.25,1.35755312260974E-7
55312.5,1.3266153680026E-7
55343.75,1.3356302330198E-7
55375,1.37776444836799E-7
55406.25,1.42159910606319E-7
55437.5,1.44308873512434E-7
55468.75,1.41368816271957E-7
55500,1.35603937565886E-7
55531.25,1.32992521702579E-7
55562.5,1.34246468901189E-7
55593.75,1.34737271069788E-7
55625,1.35091463222619E-7
55656.25,1.3782938003637E-7
55687.5,1.40548716132695E-7
55718.75,1.40944852944485E-7
55750,1.3875642024961E-7
55781.25,1.36260772682625E-7
55812.5,1.35162625291357E-7
55843.75,1.34200609480386E-7
55875,1.32960602699165E-7
55906.25,1.31002593256291E-7
55937.5,1.29780880952511E-7
55968.75,1.30677887305965E-7
56000,1.33977248592822E-7
56031.25,1.37887684485894E-7
56062.5,1.37299020421212E-7
56093.75,1.32731755959233E-7
56125,1.30227755900268E-7
56156.25,1.3068768654197E-7
56187.5,1.30194155490056E-7
56218.75,1.28210452666152E-7
56250,1.27873839624004E-7
56281.25,1.30911041886245E-7
56312.5,1.34214703603655E-7
56343.75,1.35497076084841E-7
56375,1.353606318166E-7
56406.25,1.35064575055438E-7
56437.5,1.36300876300527E-7
56468.75,1.37824410355669E-7
56500,1.36216438233245E-7
56531.25,1.32560504641315E-7
56562.5,1.31939612549897E-7
56593.75,1.3248943195169E-7
56625,1.29971975437316E-7
56656.25,1.29288270376714E-7
56687.5,1.31917065413496E-7
56718.75,1.33334575076921E-7
56750,1.3343921335698E-7
56781.25,1.32776316006847E-7
56812.5,1.32192002835932E-7
56843.75,1.31490667926115E-7
56875,1.29513633216072E-7
56906.25,1.29042644247957E-7
56937.5,1.30617486073619E-7
56968.75,1.30042524370217E-7
57000,1.28984627097167E-7
57031.25,1.30058085522772E-7
57062.5,1.32175669610388E-7
57093.75,1.35395219448171E-7
57125,1.3875750904648E-7
57156.25,1.4079275002213E-7
57187.5,1.40641143095953E-7
57218.75,1.38599978743976E-7
57250,1.37641088334304E-7
57281.25,1.37705981174903E-7
57312.5,1.36780374183492E-7
57343.75,1.34373561353692E-7
57375,1.33034070947381E-7
57406.25,1.333854006719E-7
57437.5,1.3294169947493E-7
57468.75,1.32904176827775E-7
57500,1.34803917687376E-7
57531.25,1.36360919780819E-7
57562.5,1.35156568154027E-7
57593.75,1.34376189793058E-7
57625,1.36134999685716E-7
57656.25,1.37371030412304E-7
57687.5,1.36410408254745E-7
57718.75,1.34392863232573E-7
57750,1.34422444951084E-7
57781.25,1.35002609113791E-7
57812.5,1.34889050776147E-7
57843.75,1.33850595863086E-7
57875,1.31345632054662E-7
57906.25,1.30828083709289E-7
57937.5,1.33959197512319E-7
57968.75,1.34238127150828E-7
58000,1.31664365179252E-7
58031.25,1.31127551703718E-7
58062.5,1.30273039236851E-7
58093.75,1.28439959893025E-7
58125,1.27358121069061E-7
58156.25,1.27492116492992E-7
58187.5,1.30051205878393E-7
58218.75,1.34603833335797E-7
58250,1.37824625144382E-7
58281.25,1.38211848574817E-7
58312.5,1.37523310363504E-7
58343.75,1.36891274875037E-7
58375,1.36798620115396E-7
58406.25,1.37335416646999E-7
58437.5,1.38250507574829E-7
58468.75,1.37424136632085E-7
58500,1.34198738265835E-7
58531.25,1.31058778548374E-7
58562.5,1.31546916354035E-7
58593.75,1.33043002263485E-7
58625,1.30484943821626E-7
58656.25,1.27884180994319E-7
58687.5,1.30277164739715E-7
58718.75,1.34432445820779E-7
58750,1.36581242019117E-7
58781.25,1.3539077867055E-7
58812.5,1.32688511876144E-7
58843.75,1.32663245025339E-7
58875,1.34925469144087E-7
58906.25,1.36072305901696E-7
58937.5,1.36382634947501E-7
58968.75,1.36005185017958E-7
59000,1.36115007412407E-7
59031.25,1.37441918319512E-7
59062.5,1.3606638678852E-7
59093.75,1.33297944143121E-7
59125,1.34593329468412E-7
59156.25,1.36842437724342E-7
59187.5,1.3590290549804E-7
59218.75,1.3530902424382E-7
59250,1.36016277818325E-7
59281.25,1.33858870252292E-7
59312.5,1.30393166001683E-7
59343.75,1.31498205850725E-7
59375,1.34729861329452E-7
59406.25,1.35012226773775E-7
59437.5,1.33861577429877E-7
59468.75,1.34610286930094E-7
59500,1.34250491310245E-7
59531.25,1.32306819035457E-7
59562.5,1.33379852132413E-7
59593.75,1.36228712759797E-7
59625,1.37433280301735E-7
59656.25,1.36948413401898E-7
59687.5,1.3438747782385E-7
59718.75,1.30833806786147E-7
59750,1.29761117247574E-7
59781.25,1.31887107508084E-7
59812.5,1.35060418171917E-7
59843.75,1.37756512938586E-7
59875,1.37564804582995E-7
59906.25,1.36019572460957E-7
59937.5,1.35142081280721E-7
59968.75,1.33822092968196E-7
60000,1.31270666730127E-7
60031.25,1.29088019096391E-7
60062.5,1.29649731324756E-7
60093.75,1.31390654426297E-7
60125,1.334796217263E-7
60156.25,1.36169023293939E-7
60187.5,1.37831601892279E-7
60218.75,1.36567818185623E-7
60250,1.34836278529766E-7
60281.25,1.35160563478326E-7
60312.5,1.36451552647669E-7
60343.75,1.35594663008375E-7
60375,1.33336864176146E-7
60406.25,1.32949784732839E-7
60437.5,1.32750835180799E-7
60468.75,1.31079884655857E-7
60500,1.30180978720677E-7
60531.25,1.32197168811983E-7
60562.5,1.33657600299961E-7
60593.75,1.31814641761155E-7
60625,1.31945182971463E-7
60656.25,1.35210876330126E-7
60687.5,1.36176692051734E-7
60718.75,1.32887385737281E-7
60750,1.28835942146331E-7
60781.25,1.27923423496625E-7
60812.5,1.31747257784558E-7
60843.75,1.36315337373814E-7
60875,1.3702070450106E-7
60906.25,1.35047183314266E-7
60937.5,1.33672843707197E-7
60968.75,1.33498938157656E-7
61000,1.32311324744705E-7
61031.25,1.31293698070081E-7
61062.5,1.32794850735132E-7
61093.75,1.3326923113423E-7
61125,1.30936467549238E-7
61156.25,1.29142148291677E-7
61187.5,1.29359787967692E-7
61218.75,1.30700402191293E-7
61250,1.32931271607145E-7
61281.25,1.35375525111022E-7
61312.5,1.34794913722666E-7
61343.75,1.31996079544192E-7
61375,1.29687597372508E-7
61406.25,1.27297171076377E-7
61437.5,1.24934763327116E-7
61468.75,1.24313265279152E-7
61500,1.24843794952661E-7
61531.25,1.27019783717899E-7
61562.5,1.31131451817291E-7
61593.75,1.33734135815495E-7
61625,1.33347987567102E-7
61656.25,1.3391888811403E-7
61687.5,1.37367641853845E-7
61718.75,1.3950431645818E-7
61750,1.3650366304063E-7
61781.25,1.32883468023002E-7
61812.5,1.33186511667496E-7
61843.75,1.34173071088036E-7
61875,1.34959691785344E-7
61906.25,1.35654085974419E-7
61937.5,1.33508442406472E-7
61968.75,1.31805038609421E-7
62000,1.33203318695564E-7
62031.25,1.34411220613624E-7
62062.5,1.34483964709259E-7
62093.75,1.35215617443507E-7
62125,1.36263080046726E-7
62156.25,1.34702400824021E-7
62187.5,1.3273066387728E-7
62218.75,1.32977706956325E-7
62250,1.35350737238638E-7
62281.25,1.39359292202948E-7
62312.5,1.41156567111271E-7
62343.75,1.38871623497774E-7
62375,1.36151420249646E-7
62406.25,1.35002851075903E-7
62437.5,1.34358792518664E-7
62468.75,1.34213532318987E-7
62500,1.32958660290273E-7
62531.25,1.29062644523974E-7
62562.5,1.24917991940992E-7
62593.75,1.24554781318213E-7
62625,1.2737594558272E-7
62656.25,1.2868420194299E-7
62687.5,1.28754691414068E-7
62718.75,1.30118173733937E-7
62750,1.325257240708E-7
62781.25,1.34015232496823E-7
62812.5,1.335217533344E-7
62843.75,1.33381673609445E-7
62875,1.33277878620858E-7
62906.25,1.33303587984273E-7
62937.5,1.33888257358655E-7
62968.75,1.3297819824898E-7
63000,1.32905636154467E-7
63031.25,1.33563749368018E-7
63062.5,1.32645407608864E-7
63093.75,1.3115548828024E-7
63125,1.30334661356466E-7
63156.25,1.32082087268761E-7
63187.5,1.34987999847725E-7
63218.75,1.34984687589282E-7
63250,1.31962117156183E-7
63281.25,1.28461432700052E-7
63312.5,1.28628534889893E-7
63343.75,1.33426949983768E-7
63375,1.35570713347511E-7
63406.25,1.33612738244077E-7
63437.5,1.32812506674517E-7
63468.75,1.34006609739297E-7
63500,1.35056230927172E-7
63531.25,1.35633812083491E-7
63562.5,1.34346939810213E-7
63593.75,1.3178933130157E-7
63625,1.31351406410881E-7
63656.25,1.33680250947834E-7
63687.5,1.36047254813683E-7
63718.75,1.36475736677935E-7
63750,1.37128984086553E-7
63781.25,1.38641113910949E-7
63812.5,1.39352164855123E-7
63843.75,1.39064855564628E-7
63875,1.37578598582946E-7
63906.25,1.35539740411123E-7
63937.5,1.33177827588537E-7
63968.75,1.31147790553198E-7
64000,1.309400303342E-7
64031.25,1.30582711738172E-7
64062.5,1.3132326277095E-7
64093.75,1.33149855332962E-7
64125,1.34963042474936E-7
64156.25,1.35815221129384E-7
64187.5,1.35322844511915E-7
64218.75,1.35522650682522E-7
64250,1.35593262735972E-7
64281.25,1.32876776914466E-7
64312.5,1.30056782617487E-7
64343.75,1.29209776910027E-7
64375,1.28105089410852E-7
64406.25,1.28881092750588E-7
64437.5,1.31635117486405E-7
64468.75,1.331328575353E-7
64500,1.33311957582846E-7
64531.25,1.33156686042287E-7
64562.5,1.33887212831556E-7
64593.75,1.35732714587439E-7
64625,1.36355544724474E-7
64656.25,1.34223145677819E-7
64687.5,1.3186429593204E-7
64718.75,1.31722500100007E-7
64750,1.33417791882621E-7
64781.25,1.34651405212844E-7
64812.5,1.33282052804668E-7
64843.75,1.31704457766998E-7
64875,1.33697301314185E-7
64906.25,1.36668218315631E-7
64937.5,1.3696357377344E-7
64968.75,1.35360126546988E-7
65000,1.33829751286403E-7
65031.25,1.33158694556814E-7
65062.5,1.32770503671999E-7
65093.75,1.32741145955114E-7
65125,1.32493438362496E-7
65156.25,1.306745517268E-7
65187.5,1.2841958442708E-7
65218.75,1.27526897101416E-7
65250,1.29329987529049E-7
65281.25,1.31417354402315E-7
65312.5,1.30193073484872E-7
65343.75,1.2869381587625E-7
65375,1.29981011136138E-7
65406.25,1.31584888099062E-7
65437.5,1.32324601807286E-7
65468.75,1.34774737811446E-7
65500,1.38567502353175E-7
65531.25,1.39144388594082E-7
65562.5,1.35842013318126E-7
65593.75,1.32787071230603E-7
65625,1.31769291697636E-7
65656.25,1.32741030602929E-7
65687.5,1.33673110985904E-7
65718.75,1.33770983067063E-7
65750,1.34622366681004E-7
65781.25,1.34427183496899E-7
65812.5,1.33090917284686E-7
65843.75,1.33393198849658E-7
65875,1.36165987156118E-7
65906.25,1.39964286155899E-7
65937.5,1.39000802747412E-7
65968.75,1.33777743908772E-7
66000,1.30987935309548E-7
66031.25,1.30795890150451E-7
66062.5,1.31237068873229E-7
66093.75,1.32066969429575E-7
66125,1.3481311792159E-7
66156.25,1.38214160295556E-7
66187.5,1.37547068467746E-7
66218.75,1.33073413348518E-7
66250,1.29943941531698E-7
66281.25,1.32969439149822E-7
66312.5,1.38953875094265E-7
66343.75,1.41127500019951E-7
66375,1.38949628861953E-7
66406.25,1.35194469888886E-7
66437.5,1.32858292032315E-7
66468.75,1.32735347461165E-7
66500,1.33456072699027E-7
66531.25,1.33278499012411E-7
66562.5,1.32319872826185E-7
66593.75,1.3282577975117E-7
66625,1.34302756463539E-7
66656.25,1.33994108802554E-7
66687.5,1.32382539321306E-7
66718.75,1.30998058117855E-7
66750,1.29994871721855E-7
66781.25,1.30299176967017E-7
66812.5,1.31138426581491E-7
66843.75,1.32743675987822E-7
66875,1.34162571538711E-7
66906.25,1.32981084556672E-7
66937.5,1.31210861240496E-7
66968.75,1.30794528255739E-7
67000,1.31235629884055E-7
67031.25,1.31624438753348E-7
67062.5,1.32111993233528E-7
67093.75,1.3270692810166E-7
67125,1.3218421101932E-7
67156.25,1.32041135251318E-7
67187.5,1.34856922112659E-7
67218.75,1.37620469259803E-7
67250,1.37391835518103E-7
67281.25,1.35339597431264E-7
67312.5,1.34047479130363E-7
67343.75,1.35079145811489E-7
67375,1.37848886708122E-7
67406.25,1.3874855564551E-7
67437.5,1.35864930912906E-7
67468.75,1.32199454441005E-7
67500,1.3107877881135E-7
67531.25,1.31676808210889E-7
67562.5,1.32576967548299E-7
67593.75,1.34205994781544E-7
67625,1.3642134089968E-7
67656.25,1.37218767446931E-7
67687.5,1.36043803269023E-7
67718.75,1.33343662339512E-7
67750,1.31767029594994E-7
67781.25,1.33027847828888E-7
67812.5,1.34521357822453E-7
67843.75,1.33522357302529E-7
67875,1.30941901342185E-7
67906.25,1.30746962307833E-7
67937.5,1.32713012433197E-7
67968.75,1.33414165192618E-7
68000,1.32902694442677E-7
68031.25,1.31935086409199E-7
68062.5,1.31285331987127E-7
68093.75,1.31833520756846E-7
68125,1.32446409332353E-7
68156.25,1.33148582681726E-7
68187.5,1.33072492832414E-7
68218.75,1.30593299780259E-7
68250,1.27596277872376E-7
68281.25,1.26928926378919E-7
68312.5,1.29203223430202E-7
68343.75,1.31555281320805E-7
68375,1.33743608085414E-7
68406.25,1.36195123790118E-7
68437.5,1.37192891458199E-7
68468.75,1.3642937706968E-7
68500,1.34622290854184E-7
68531.25,1.32643275884841E-7
68562.5,1.31171240359912E-7
68593.75,1.30862948852128E-7
68625,1.30734930498153E-7
68656.25,1.30224087401711E-7
68687.5,1.30582117625471E-7
68718.75,1.32003302482424E-7
68750,1.33724357530951E-7
68781.25,1.34058223746309E-7
68812.5,1.32797579603549E-7
68843.75,1.31353489158099E-7
68875,1.30988550960724E-7
68906.25,1.31029535910553E-7
68937.5,1.30997434718854E-7
68968.75,1.32179029091145E-7
69000,1.34220369739053E-7
69031.25,1.36570979931116E-7
69062.5,1.36607861554866E-7
69093.75,1.33897375657918E-7
69125,1.33229632418074E-7
69156.25,1.35575389171652E-7
69187.5,1.35371392857373E-7
69218.75,1.31894150665448E-7
69250,1.29091118904825E-7
69281.25,1.29683181548565E-7
69312.5,1.31677963298729E-7
69343.75,1.32567981734143E-7
69375,1.33788166839538E-7
69406.25,1.34405554929016E-7
69437.5,1.3212499673878E-7
69468.75,1.2861586044552E-7
69500,1.29490368045064E-7
69531.25,1.34925870122716E-7
69562.5,1.35930303711961E-7
69593.75,1.3320705841154E-7
69625,1.32491173214348E-7
69656.25,1.33613693237841E-7
69687.5,1.36539329276652E-7
69718.75,1.39188105788495E-7
69750,1.38681427197301E-7
69781.25,1.35956600202191E-7
69812.5,1.33030364735546E-7
69843.75,1.3161645821943E-7
69875,1.3188599295201E-7
69906.25,1.31770066381395E-7
69937.5,1.30130458679508E-7
69968.75,1.28165746787183E-7
70000,1.27343532605388E-7
70031.25,1.28317579013817E-7
70062.5,1.32100333030837E-7
70093.75,1.36140053531435E-7
70125,1.37351470739387E-7
70156.25,1.37336903215873E-7
70187.5,1.36707739454666E-7
70218.75,1.35348346443239E-7
70250,1.33660090073431E-7
70281.25,1.31312986235542E-7
70312.5,1.30009209786781E-7
70343.75,1.30214304233616E-7
70375,1.3026843951932E-7
70406.25,1.31031522497716E-7
70437.5,1.33582870233985E-7
70468.75,1.3559730541852E-7
70500,1.36667575965409E-7
70531.25,1.36473305752034E-7
70562.5,1.34479577338283E-7
70593.75,1.33217993413095E-7
70625,1.33137879663494E-7
70656.25,1.32284851505172E-7
70687.5,1.30893340027091E-7
70718.75,1.3070149952196E-7
70750,1.31926157464394E-7
70781.25,1.33419643445831E-7
70812.5,1.35087004902881E-7
70843.75,1.36130193109412E-7
70875,1.34466444732342E-7
70906.25,1.32981360901994E-7
70937.5,1.32684003588582E-7
70968.75,1.31978074611426E-7
71000,1.32445607775367E-7
71031.25,1.34074883432313E-7
71062.5,1.35784905388315E-7
71093.75,1.38236928309842E-7
71125,1.38430994714577E-7
71156.25,1.35860265053756E-7
71187.5,1.34358556994256E-7
71218.75,1.35281998221396E-7
71250,1.37299005551502E-7
71281.25,1.36543433660701E-7
71312.5,1.32702074281908E-7
71343.75,1.29212522241304E-7
71375,1.27313645082821E-7
71406.25,1.27785203207034E-7
71437.5,1.2881054169133E-7
71468.75,1.30577884494238E-7
71500,1.33000342915918E-7
71531.25,1.32102682153793E-7
71562.5,1.30157005419802E-7
71593.75,1.30400160684369E-7
71625,1.30495973943056E-7
71656.25,1.29699317074529E-7
71687.5,1.30730749165507E-7
71718.75,1.31945778683183E-7
71750,1.32124958108753E-7
71781.25,1.33329407233492E-7
71812.5,1.33523389393641E-7
71843.75,1.31063701014608E-7
71875,1.26431824542376E-7
71906.25,1.22755044662442E-7
71937.5,1.2429935011462E-7
71968.75,1.30024967270791E-7
72000,1.33669223937216E-7
72031.25,1.33402526983586E-7
72062.5,1.32980524188005E-7
72093.75,1.33845447943493E-7
72125,1.33692956846004E-7
72156.25,1.3286979352683E-7
72187.5,1.32098115234973E-7
72218.75,1.30830311330653E-7
72250,1.30010203027892E-7
72281.25,1.29654750589469E-7
72312.5,1.30275268513407E-7
72343.75,1.33715341945024E-7
72375,1.36711241438343E-7
72406.25,1.36795784506564E-7
72437.5,1.36421685102884E-7
72468.75,1.36168131201208E-7
72500,1.36740411194169E-7
72531.25,1.38506764555304E-7
72562.5,1.39145092872494E-7
72593.75,1.36914531284029E-7
72625,1.33991251934832E-7
72656.25,1.33448247597788E-7
72687.5,1.34116736709201E-7
72718.75,1.34445148965954E-7
72750,1.35504436338538E-7
72781.25,1.37323070070703E-7
72812.5,1.37612740019322E-7
72843.75,1.35763417930661E-7
72875,1.33381061351033E-7
72906.25,1.31271802063035E-7
72937.5,1.31572863088496E-7
72968.75,1.34235975092828E-7
73000,1.35592788446879E-7
73031.25,1.3406389649524E-7
73062.5,1.33618666735027E-7
73093.75,1.35002798146728E-7
73125,1.35162141938743E-7
73156.25,1.34505345401433E-7
73187.5,1.33138063676807E-7
73218.75,1.30744772304204E-7
73250,1.29753061445249E-7
73281.25,1.30888317565907E-7
73312.5,1.31986257570051E-7
73343.75,1.31768764910079E-7
73375,1.30992891609047E-7
73406.25,1.29956890978499E-7
73437.5,1.29471029114521E-7
73468.75,1.31774172129284E-7
73500,1.31535299186709E-7
73531.25,1.26915804716526E-7
73562.5,1.26056857400655E-7
73593.75,1.29193244437324E-7
73625,1.31283753567832E-7
73656.25,1.31122569353959E-7
73687.5,1.3123423754978E-7
73718.75,1.33197678269594E-7
73750,1.34007432429152E-7
73781.25,1.33464792212696E-7
73812.5,1.34715881721927E-7
73843.75,1.35089483444559E-7
73875,1.32116490134124E-7
73906.25,1.28987464273774E-7
73937.5,1.30481939712117E-7
73968.75,1.34572865428922E-7
74000,1.36643941353435E-7
74031.25,1.34759709945068E-7
74062.5,1.31904544440292E-7
74093.75,1.30639722256796E-7
74125,1.29405315873259E-7
74156.25,1.29653833357957E-7
74187.5,1.309938812879E-7
74218.75,1.30930713875613E-7
74250,1.30847268879016E-7
74281.25,1.29855892710449E-7
74312.5,1.28063734476926E-7
74343.75,1.2761403712503E-7
74375,1.27507032207399E-7
74406.25,1.27784048879168E-7
74437.5,1.2955554569517E-7
74468.75,1.32069697879241E-7
74500,1.33440192542184E-7
74531.25,1.31146202694847E-7
74562.5,1.26983155969643E-7
74593.75,1.26868788027169E-7
74625,1.29928834176718E-7
74656.25,1.32383225596202E-7
74687.5,1.3358027967743E-7
74718.75,1.33635824261393E-7
74750,1.33304744291298E-7
74781.25,1.32634448489658E-7
74812.5,1.32861234727229E-7
74843.75,1.34913757016128E-7
74875,1.34456491943699E-7
74906.25,1.30202748487305E-7
74937.5,1.2783034961806E-7
74968.75,1.29868021680434E-7
75000,1.31875899598691E-7
75031.25,1.31302234657261E-7
75062.5,1.29438320590363E-7
75093.75,1.27405049318946E-7
75125,1.27051684736037E-7
75156.25,1.2915605543147E-7
75187.5,1.30765074300635E-7
75218.75,1.29525380480305E-7
75250,1.28551401449005E-7
75281.25,1.31470877847181E-7
75312.5,1.35868845302373E-7
75343.75,1.35133250928308E-7
75375,1.30481086970512E-7
75406.25,1.28579965229002E-7
75437.5,1.31525054740981E-7
75468.75,1.34218034863911E-7
75500,1.32968909439961E-7
75531.25,1.31614286561822E-7
75562.5,1.3176940790049E-7
75593.75,1.30773945919639E-7
75625,1.30492884038508E-7
75656.25,1.3248477049433E-7
75687.5,1.34166254082898E-7
75718.75,1.33802296778483E-7
75750,1.32558579471903E-7
75781.25,1.32877522094775E-7
75812.5,1.33943605638678E-7
75843.75,1.32879181450347E-7
75875,1.30838960071963E-7
75906.25,1.30294409729457E-7
75937.5,1.3039086436764E-7
75968.75,1.30059517918641E-7
76000,1.31630061287963E-7
76031.25,1.34786696796027E-7
76062.5,1.35708774245736E-7
76093.75,1.34643384228803E-7
76125,1.33697156246348E-7
76156.25,1.32195477729942E-7
76187.5,1.31040411132582E-7
76218.75,1.30902588962258E-7
76250,1.29948297434446E-7
76281.25,1.28508108971407E-7
76312.5,1.28321906596343E-7
76343.75,1.29411531767394E-7
76375,1.3239820709307E-7
76406.25,1.35858424211781E-7
76437.5,1.37488367137423E-7
76468.75,1.37132140337599E-7
76500,1.36323769171464E-7
76531.25,1.34359833379654E-7
76562.5,1.32850946535541E-7
76593.75,1.3238989538601E-7
76625,1.29772562864419E-7
76656.25,1.27347544599496E-7
76687.5,1.28700296150462E-7
76718.75,1.29781203439753E-7
76750,1.29374472576042E-7
76781.25,1.29826740817963E-7
76812.5,1.30915369509688E-7
76843.75,1.31441346348924E-7
76875,1.31346401465371E-7
76906.25,1.31924857532954E-7
76937.5,1.31958303479606E-7
76968.75,1.28714941002778E-7
77000,1.25612900771784E-7
77031.25,1.25692694307032E-7
77062.5,1.27260274236955E-7
77093.75,1.29938654550053E-7
77125,1.33161116999679E-7
77156.25,1.32458840551916E-7
77187.5,1.29778399347044E-7
77218.75,1.31603815566875E-7
77250,1.33588708354247E-7
77281.25,1.31214509930422E-7
77312.5,1.29778918482382E-7
77343.75,1.3194556206105E-7
77375,1.32878674427232E-7
77406.25,1.30062920286136E-7
77437.5,1.27786577203082E-7
77468.75,1.30769535555154E-7
77500,1.34953194387206E-7
77531.25,1.37029793146693E-7
77562.5,1.37100693687192E-7
77593.75,1.35591501082408E-7
77625,1.34040069336404E-7
77656.25,1.34173923189326E-7
77687.5,1.3430429180119E-7
77718.75,1.31276078913904E-7
77750,1.29510902149601E-7
77781.25,1.31313569267769E-7
77812.5,1.32884059528443E-7
77843.75,1.3369533906748E-7
77875,1.35650880282441E-7
77906.25,1.37239335302489E-7
77937.5,1.36331271984506E-7
77968.75,1.33194145218081E-7
78000,1.3095720362486E-7
78031.25,1.32077303231758E-7
78062.5,1.33857306927623E-7
78093.75,1.34644074143187E-7
78125,1.34000248957436E-7
78156.25,1.32872428665612E-7
78187.5,1.3240351921879E-7
78218.75,1.32567619824841E-7
78250,1.31701225696325E-7
78281.25,1.30739958851802E-7
78312.5,1.32683926654018E-7
78343.75,1.34008872124244E-7
78375,1.3476717106601E-7
78406.25,1.36230511132332E-7
78437.5,1.35789385899232E-7
78468.75,1.35784912906075E-7
78500,1.38110094555097E-7
78531.25,1.38371576544512E-7
78562.5,1.35226895793542E-7
78593.75,1.31065842852793E-7
78625,1.27801103112243E-7
78656.25,1.24949510481135E-7
78687.5,1.23796752318636E-7
78718.75,1.27164194417728E-7
78750,1.31644903625532E-7
78781.25,1.32776000794154E-7
78812.5,1.3142551013612E-7
78843.75,1.31253542230474E-7
78875,1.31760080358707E-7
78906.25,1.30184660195737E-7
78937.5,1.28629737190923E-7
78968.75,1.31606561375025E-7
79000,1.36536316326045E-7
79031.25,1.37431200560302E-7
79062.5,1.35350179138759E-7
79093.75,1.34287843013301E-7
79125,1.34176502284358E-7
79156.25,1.33958046854443E-7
79187.5,1.35448648151829E-7
79218.75,1.36891058621852E-7
79250,1.34383231630115E-7
79281.25,1.30425380700124E-7
79312.5,1.28960399736453E-7
79343.75,1.29689136184918E-7
79375,1.30513796179608E-7
79406.25,1.32176024869862E-7
79437.5,1.35092702458244E-7
79468.75,1.3584667980416E-7
79500,1.35417963898359E-7
79531.25,1.35002170556358E-7
79562.5,1.33551986612206E-7
79593.75,1.32338571757856E-7
79625,1.31948973818327E-7
79656.25,1.31853101567468E-7
79687.5,1.29755748079441E-7
79718.75,1.27473775698525E-7
79750,1.28379662669246E-7
79781.25,1.31045419974959E-7
79812.5,1.32703012752186E-7
79843.75,1.30831555817143E-7
79875,1.28870268979405E-7
79906.25,1.31164967772244E-7
79937.5,1.33732219908178E-7
79968.75,1.33697652530401E-7
80000,1.33429268100153E-7
80031.25,1.34426682312453E-7
80062.5,1.34673691639509E-7
80093.75,1.3273228661553E-7
80125,1.32127561747334E-7
80156.25,1.34057873474748E-7
80187.5,1.34594694638315E-7
80218.75,1.33601247223915E-7
80250,1.33547859083925E-7
80281.25,1.32028850261792E-7
80312.5,1.30071977135125E-7
80343.75,1.31633233067051E-7
80375,1.34409845985548E-7
80406.25,1.34831826913947E-7
80437.5,1.3327003539713E-7
80468.75,1.30407953422827E-7
80500,1.2748438173181E-7
80531.25,1.28163480817595E-7
80562.5,1.31540653920356E-7
80593.75,1.31501931956646E-7
80625,1.28985181083555E-7
80656.25,1.28147128010936E-7
80687.5,1.28645243089564E-7
80718.75,1.30107747094346E-7
80750,1.32451812008193E-7
80781.25,1.3463327013303E-7
80812.5,1.34996779208055E-7
80843.75,1.31949848018578E-7
80875,1.28160243079756E-7
80906.25,1.27643146553954E-7
80937.5,1.29168704530098E-7
80968.75,1.30450908846582E-7
81000,1.33198352680923E-7
81031.25,1.36531703317509E-7
81062.5,1.36806701278118E-7
81093.75,1.3417991056989E-7
81125,1.3286624407362E-7
81156.25,1.33542011533812E-7
81187.5,1.34031585266644E-7
81218.75,1.33904305455022E-7
81250,1.33026167306772E-7
81281.25,1.30673192473402E-7
81312.5,1.30000443025296E-7
81343.75,1.33266940873285E-7
81375,1.35458166319608E-7
81406.25,1.34082230396546E-7
81437.5,1.33994047856679E-7
81468.75,1.35310540619467E-7
81500,1.32757578772071E-7
81531.25,1.29831548815143E-7
81562.5,1.32440274214966E-7
81593.75,1.34562480521124E-7
81625,1.33629346522763E-7
81656.25,1.34990192850832E-7
81687.5,1.36914829513057E-7
81718.75,1.37222985410354E-7
81750,1.37448647130018E-7
81781.25,1.36286174009527E-7
81812.5,1.34800101109665E-7
81843.75,1.36189210014905E-7
81875,1.38599337981557E-7
81906.25,1.38119074562109E-7
81937.5,1.35457359976614E-7
81968.75,1.34249457205249E-7
82000,1.36016848194971E-7
82031.25,1.37442386227589E-7
82062.5,1.35776816037814E-7
82093.75,1.33976044755169E-7
82125,1.31869931462716E-7
82156.25,1.29265466099828E-7
82187.5,1.30708387892648E-7
82218.75,1.34625998735641E-7
82250,1.35682730661761E-7
82281.25,1.34147376170608E-7
82312.5,1.33122268274704E-7
82343.75,1.34300020174707E-7
82375,1.36493746620169E-7
82406.25,1.38140749819658E-7
82437.5,1.37559906972192E-7
82468.75,1.33900905401367E-7
82500,1.29839800228498E-7
82531.25,1.30755807831545E-7
82562.5,1.34944502966262E-7
82593.75,1.35716438924034E-7
82625,1.33087128284279E-7
82656.25,1.31148117462825E-7
82687.5,1.30652266779735E-7
82718.75,1.30954678052916E-7
82750,1.31968452411787E-7
82781.25,1.32810093245335E-7
82812.5,1.33676891013255E-7
82843.75,1.34044905168203E-7
82875,1.31983983717517E-7
82906.25,1.28143754437307E-7
82937.5,1.28143814182594E-7
82968.75,1.31590077909285E-7
83000,1.30768957903479E-7
83031.25,1.30291358135794E-7
83062.5,1.32819339361973E-7
83093.75,1.33901888833832E-7
83125,1.33328488484801E-7
83156.25,1.30986891033848E-7
83187.5,1.29126512333076E-7
83218.75,1.28732248570201E-7
83250,1.27923910261099E-7
83281.25,1.27875827339416E-7
83312.5,1.30269532652594E-7
83343.75,1.3329308121181E-7
83375,1.35020724827701E-7
83406.25,1.33023650320695E-7
83437.5,1.27429980933057E-7
83468.75,1.24103234774585E-7
83500,1.26948419375259E-7
83531.25,1.33535406934003E-7
83562.5,1.36328374240387E-7
83593.75,1.34857898573505E-7
83625,1.34476040011093E-7
83656.25,1.3577553793649E-7
83687.5,1.35533805571118E-7
83718.75,1.32121968110354E-7
83750,1.28032898867857E-7
83781.25,1.28155543634541E-7
83812.5,1.3065900149227E-7
83843.75,1.30960181242797E-7
83875,1.2961995816932E-7
83906.25,1.30878194069295E-7
83937.5,1.31944533101065E-7
83968.75,1.30802367736335E-7
84000,1.31818010442978E-7
84031.25,1.33667948594061E-7
84062.5,1.3334214656284E-7
84093.75,1.31170641130625E-7
84125,1.29347587664765E-7
84156.25,1.30002398225294E-7
84187.5,1.30664317919801E-7
84218.75,1.29254232251151E-7
84250,1.28303063840894E-7
84281.25,1.29414568612178E-7
84312.5,1.29659494108115E-7
84343.75,1.28926298802098E-7
84375,1.31149798699463E-7
84406.25,1.3435882290888E-7
84437.5,1.34893606447624E-7
84468.75,1.337811242015E-7
84500,1.32954583442568E-7
84531.25,1.32394352006257E-7
84562.5,1.31155138039579E-7
84593.75,1.29076702582177E-7
84625,1.28042992208903E-7
84656.25,1.28305223917185E-7
84687.5,1.29552614587418E-7
84718.75,1.31526405190849E-7
84750,1.3195013425988E-7
84781.25,1.30963104231205E-7
84812.5,1.29468029074612E-7
84843.75,1.28350255016585E-7
84875,1.2858039393511E-7
84906.25,1.29733356449743E-7
84937.5,1.29620237742784E-7
84968.75,1.29119685829215E-7
85000,1.31126360627948E-7
85031.25,1.33534818313768E-7
85062.5,1.32576975247964E-7
85093.75,1.30033155383655E-7
85125,1.29819455753595E-7
85156.25,1.31115936307056E-7
85187.5,1.32780129252334E-7
85218.75,1.33439289856083E-7
85250,1.33723159050326E-7
85281.25,1.34181348414383E-7
85312.5,1.33833656554853E-7
85343.75,1.33185737558115E-7
85375,1.33675676834304E-7
85406.25,1.34039109764784E-7
85437.5,1.33022384135914E-7
85468.75,1.32879988074043E-7
85500,1.32588747513162E-7
85531.25,1.31239876801265E-7
85562.5,1.30728539368936E-7
85593.75,1.30721819952357E-7
85625,1.31126975629206E-7
85656.25,1.33163938016841E-7
85687.5,1.33852212650309E-7
85718.75,1.32440806039155E-7
85750,1.31168485438993E-7
85781.25,1.31956547449478E-7
85812.5,1.35367479165075E-7
85843.75,1.36571906764622E-7
85875,1.34302118001132E-7
85906.25,1.33463667886347E-7
85937.5,1.3423763286494E-7
85968.75,1.3248819918553E-7
86000,1.29873134688363E-7
86031.25,1.27963591295364E-7
86062.5,1.28233269430093E-7
86093.75,1.30424527588725E-7
86125,1.31409369060175E-7
86156.25,1.33107736383108E-7
86187.5,1.35404236266664E-7
86218.75,1.33521294622603E-7
86250,1.30171658908949E-7
86281.25,1.3145107702322E-7
86312.5,1.34256444862749E-7
86343.75,1.33967731884744E-7
86375,1.32570476571385E-7
86406.25,1.3291029821185E-7
86437.5,1.33173343530858E-7
86468.75,1.32099042540909E-7
86500,1.31092313083472E-7
86531.25,1.30852324120353E-7
86562.5,1.31133460213764E-7
86593.75,1.31484736649731E-7
86625,1.2927152289117E-7
86656.25,1.26669115909346E-7
86687.5,1.27128009761849E-7
86718.75,1.26723738618469E-7
86750,1.2698407239502E-7
86781.25,1.30098229800732E-7
86812.5,1.30136502666714E-7
86843.75,1.26518540819294E-7
86875,1.24892092988015E-7
86906.25,1.28619435924016E-7
86937.5,1.33269093260102E-7
86968.75,1.34835203493148E-7
87000,1.35240505561895E-7
87031.25,1.35406686385331E-7
87062.5,1.3467266836397E-7
87093.75,1.33580715261249E-7
87125,1.32932530980704E-7
87156.25,1.32074288967602E-7
87187.5,1.3187565963994E-7
87218.75,1.31621026339364E-7
87250,1.29663095917147E-7
87281.25,1.28371981385147E-7
87312.5,1.28505825207976E-7
87343.75,1.29687620986136E-7
87375,1.33297676112156E-7
87406.25,1.3680103779861E-7
87437.5,1.36748839176492E-7
87468.75,1.35054946006545E-7
87500,1.34006998232358E-7
87531.25,1.34305036661647E-7
87562.5,1.34115442787556E-7
87593.75,1.32749474117981E-7
87625,1.31623035021034E-7
87656.25,1.31302211334008E-7
87687.5,1.3167868425446E-7
87718.75,1.3091164230381E-7
87750,1.28402576564828E-7
87781.25,1.26559138373964E-7
87812.5,1.27522590568658E-7
87843.75,1.28051912911955E-7
87875,1.25655874692544E-7
87906.25,1.26288876015192E-7
87937.5,1.31393684373515E-7
87968.75,1.3376942634631E-7
88000,1.33602683655485E-7
88031.25,1.34076459447158E-7
88062.5,1.33877125482636E-7
88093.75,1.32868295392559E-7
88125,1.32690827506968E-7
88156.25,1.32801407611781E-7
88187.5,1.32694966307911E-7
88218.75,1.33186074794438E-7
88250,1.33658203654231E-7
88281.25,1.32592766320554E-7
88312.5,1.30281858172907E-7
88343.75,1.30815173682035E-7
88375,1.34377139361112E-7
88406.25,1.36197807015349E-7
88437.5,1.35456591308729E-7
88468.75,1.34908301601696E-7
88500,1.35014237927377E-7
88531.25,1.34132064925164E-7
88562.5,1.29794267432088E-7
88593.75,1.26258237569063E-7
88625,1.26807111787536E-7
88656.25,1.28437643126583E-7
88687.5,1.30527936472905E-7
88718.75,1.31420430338511E-7
88750,1.31488261288634E-7
88781.25,1.3277872236201E-7
88812.5,1.33490389108043E-7
88843.75,1.32630684931563E-7
88875,1.31642057810646E-7
88906.25,1.33606167701943E-7
88937.5,1.36842228853652E-7
88968.75,1.34298614004594E-7
89000,1.29119092890593E-7
89031.25,1.28489198186803E-7
89062.5,1.306858821942E-7
89093.75,1.33532723722019E-7
89125,1.3341822799693E-7
89156.25,1.31304714672808E-7
89187.5,1.33421801020131E-7
89218.75,1.36671855753537E-7
89250,1.35743002447388E-7
89281.25,1.33846729221988E-7
89312.5,1.3303385609734E-7
89343.75,1.31033797297789E-7
89375,1.30536523137962E-7
89406.25,1.34395164688393E-7
89437.5,1.38751763339552E-7
89468.75,1.39503555454394E-7
89500,1.37790439900071E-7
89531.25,1.35844470569884E-7
89562.5,1.33984532341825E-7
89593.75,1.32035391059287E-7
89625,1.28998096206175E-7
89656.25,1.2637104977747E-7
89687.5,1.27062550949028E-7
89718.75,1.28928923489194E-7
89750,1.28429893775636E-7
89781.25,1.2589595431917E-7
89812.5,1.24703127170684E-7
89843.75,1.26376526397739E-7
89875,1.29269197337966E-7
89906.25,1.3119631215023E-7
89937.5,1.32227210869382E-7
89968.75,1.32719288771166E-7
90000,1.32136840172674E-7
90031.25,1.32463364208997E-7
90062.5,1.3454125306647E-7
90093.75,1.37582011623925E-7
90125,1.37958447505132E-7
90156.25,1.35157187474791E-7
90187.5,1.32199369502795E-7
90218.75,1.29307960307695E-7
90250,1.27296906448509E-7
90281.25,1.27540147982882E-7
90312.5,1.28179301944342E-7
90343.75,1.28596977413223E-7
90375,1.2984543714795E-7
90406.25,1.31096214245394E-7
90437.5,1.31619715638658E-7
90468.75,1.32847250582848E-7
90500,1.35017504097965E-7
90531.25,1.3296021882614E-7
90562.5,1.28052869518818E-7
90593.75,1.25914460083767E-7
90625,1.25718428330152E-7
90656.25,1.26871692634162E-7
90687.5,1.28839119327057E-7
90718.75,1.30831501200429E-7
90750,1.31952687195374E-7
90781.25,1.30867703179224E-7
90812.5,1.28209779884166E-7
90843.75,1.27880197809832E-7
90875,1.29509621326584E-7
90906.25,1.29281180004093E-7
90937.5,1.29527149767937E-7
90968.75,1.30781771023295E-7
91000,1.29950685459828E-7
91031.25,1.2921401536102E-7
91062.5,1.31012964262912E-7
91093.75,1.33995297241587E-7
91125,1.35864142010779E-7
91156.25,1.33871238938444E-7
91187.5,1.29713046432799E-7
91218.75,1.27860767030954E-7
91250,1.27797125326029E-7
91281.25,1.28206399996986E-7
91312.5,1.29380098209534E-7
91343.75,1.30764125825331E-7
91375,1.32301209830255E-7
91406.25,1.33833420106293E-7
91437.5,1.35259306377718E-7
91468.75,1.36445552728852E-7
91500,1.34959850623524E-7
91531.25,1.31347893642992E-7
91562.5,1.30748707257729E-7
91593.75,1.32130196237416E-7
91625,1.32628506790871E-7
91656.25,1.3348788087512E-7
91687.5,1.3227661756398E-7
91718.75,1.28480935512698E-7
91750,1.25725536943104E-7
91781.25,1.27224409769668E-7
91812.5,1.31154421989094E-7
91843.75,1.32930411540297E-7
91875,1.32437884833561E-7
91906.25,1.31216501496617E-7
91937.5,1.28906665397972E-7
91968.75,1.28558611474382E-7
92000,1.33068373444842E-7
92031.25,1.36875838013652E-7
92062.5,1.37412102605896E-7
92093.75,1.36825734522204E-7
92125,1.33172577010162E-7
92156.25,1.28573093827711E-7
92187.5,1.26532074784811E-7
92218.75,1.26111069413432E-7
92250,1.27836693996593E-7
92281.25,1.31970208283504E-7
92312.5,1.35260249746025E-7
92343.75,1.36574567638767E-7
92375,1.36854820202671E-7
92406.25,1.35878131195585E-7
92437.5,1.33968973895411E-7
92468.75,1.31345383355287E-7
92500,1.27926751013544E-7
92531.25,1.2554069602505E-7
92562.5,1.2585981057456E-7
92593.75,1.28401471512434E-7
92625,1.32185060496361E-7
92656.25,1.33722930040066E-7
92687.5,1.30992018815192E-7
92718.75,1.29486840265586E-7
92750,1.32912909506973E-7
92781.25,1.35557867177615E-7
92812.5,1.356546729239E-7
92843.75,1.34976474652669E-7
92875,1.32834548323217E-7
92906.25,1.31147743851756E-7
92937.5,1.31054198619456E-7
92968.75,1.31162632985588E-7
93000,1.30474370457652E-7
93031.25,1.30428984838528E-7
93062.5,1.31676327567326E-7
93093.75,1.3256807413636E-7
93125,1.32232676539094E-7
93156.25,1.31240817949296E-7
93187.5,1.29187610667054E-7
93218.75,1.28361126613092E-7
93250,1.29843416690315E-7
93281.25,1.30983563323658E-7
93312.5,1.31005375041872E-7
93343.75,1.31867740756191E-7
93375,1.34126387448633E-7
93406.25,1.34421176754238E-7
93437.5,1.32751296554858E-7
93468.75,1.31502979904913E-7
93500,1.3176530200415E-7
93531.25,1.31944625939889E-7
93562.5,1.32649039926113E-7
93593.75,1.35920953790989E-7
93625,1.37114102575176E-7
93656.25,1.33192022276544E-7
93687.5,1.28424715358971E-7
93718.75,1.27209216167965E-7
93750,1.28879267070262E-7
93781.25,1.31982026935506E-7
93812.5,1.344536145319E-7
93843.75,1.32439056406604E-7
93875,1.26751872674075E-7
93906.25,1.24810319535195E-7
93937.5,1.29747455916612E-7
93968.75,1.33810963216551E-7
94000,1.31852915760868E-7
94031.25,1.29653813674806E-7
94062.5,1.32490125377615E-7
94093.75,1.36179578031531E-7
94125,1.36218409126148E-7
94156.25,1.34289454536256E-7
94187.5,1.33096454860482E-7
94218.75,1.32878943303367E-7
94250,1.33472715767911E-7
94281.25,1.32428419376492E-7
94312.5,1.29991695304564E-7
94343.75,1.29038004626914E-7
94375,1.31178104063764E-7
94406.25,1.35328328473857E-7
94437.5,1.38035918801141E-7
94468.75,1.3762198241922E-7
94500,1.35849354883288E-7
94531.25,1.35485835294343E-7
94562.5,1.34163568270358E-7
94593.75,1.31174057479095E-7
94625,1.29213900810118E-7
94656.25,1.28195861661288E-7
94687.5,1.28467964425998E-7
94718.75,1.3125206453497E-7
94750,1.34723216461122E-7
94781.25,1.36641117475979E-7
94812.5,1.35060833866026E-7
94843.75,1.30683956748E-7
94875,1.27885773435166E-7
94906.25,1.29646247250291E-7
94937.5,1.33293349252014E-7
94968.75,1.33886702001468E-7
95000,1.30986649446493E-7
95031.25,1.29229711824228E-7
95062.5,1.30999211398186E-7
95093.75,1.32323436935297E-7
95125,1.30471526495073E-7
95156.25,1.28227888033085E-7
95187.5,1.28774197375016E-7
95218.75,1.30632033208831E-7
95250,1.30957172445257E-7
95281.25,1.29710681576721E-7
95312.5,1.30628083018886E-7
95343.75,1.3558381428344E-7
95375,1.38767712423589E-7
95406.25,1.37309168623188E-7
95437.5,1.34901226637226E-7
95468.75,1.32441831143524E-7
95500,1.29334482499954E-7
95531.25,1.29054240593358E-7
95562.5,1.30266327669561E-7
95593.75,1.30873319224972E-7
95625,1.32398438394709E-7
95656.25,1.33072799671823E-7
95687.5,1.32048371186015E-7
95718.75,1.31066761885355E-7
95750,1.31264196700381E-7
95781.25,1.3435345892926E-7
95812.5,1.37753689637309E-7
95843.75,1.37356182556594E-7
95875,1.34244818842198E-7
95906.25,1.30585971492649E-7
95937.5,1.27958246422344E-7
95968.75,1.2766504923156E-7
96000,1.29636936241557E-7
96031.25,1.3146763226942E-7
96062.5,1.31060227268079E-7
96093.75,1.31103253173999E-7
96125,1.32645199824997E-7
96156.25,1.33052899671156E-7
96187.5,1.31683878119956E-7
96218.75,1.30697106238808E-7
96250,1.32173445355457E-7
96281.25,1.36020930821132E-7
96312.5,1.37668904356499E-7
96343.75,1.35761402837202E-7
96375,1.3441106112711E-7
96406.25,1.3343684186304E-7
96437.5,1.32130219414515E-7
96468.75,1.32644137813482E-7
96500,1.32170549134083E-7
96531.25,1.27243239775139E-7
96562.5,1.24460881980265E-7
96593.75,1.25400675676313E-7
96625,1.24559653493456E-7
96656.25,1.25008248973672E-7
96687.5,1.28053447465335E-7
96718.75,1.30792350755648E-7
96750,1.33151319633492E-7
96781.25,1.35671241911524E-7
96812.5,1.36238258849218E-7
96843.75,1.33778758768608E-7
96875,1.33338609683595E-7
96906.25,1.35600422041224E-7
96937.5,1.34691639386323E-7
96968.75,1.31158399133104E-7
97000,1.27673168820428E-7
97031.25,1.26372988431251E-7
97062.5,1.28393831285699E-7
97093.75,1.31239729017076E-7
97125,1.32925850021315E-7
97156.25,1.35326201296295E-7
97187.5,1.38012407571444E-7
97218.75,1.36767380402222E-7
97250,1.33564826995598E-7
97281.25,1.3255080150281E-7
97312.5,1.33041406333471E-7
97343.75,1.32262587043875E-7
97375,1.30440559671401E-7
97406.25,1.29475578319675E-7
97437.5,1.29270934597283E-7
97468.75,1.30938884328607E-7
97500,1.34839003936304E-7
97531.25,1.37922519142114E-7
97562.5,1.37321776626411E-7
97593.75,1.34414691297094E-7
97625,1.3295140479661E-7
97656.25,1.32855203285037E-7
97687.5,1.32416293661678E-7
97718.75,1.33126846067109E-7
97750,1.34359605454579E-7
97781.25,1.33825197538456E-7
97812.5,1.31611021252046E-7
97843.75,1.30083285538723E-7
97875,1.28944100496204E-7
97906.25,1.28300179704438E-7
97937.5,1.29549494303067E-7
97968.75,1.30704725074065E-7
98000,1.30538661896081E-7
98031.25,1.31603962942213E-7
98062.5,1.35326940532004E-7
98093.75,1.38099886940959E-7
98125,1.37930815687798E-7
98156.25,1.36047915099205E-7
98187.5,1.3354548951931E-7
98218.75,1.30218070997131E-7
98250,1.28068891621582E-7
98281.25,1.28873199764607E-7
98312.5,1.2950699658507E-7
98343.75,1.28275644021218E-7
98375,1.28101069267493E-7
98406.25,1.31153308989818E-7
98437.5,1.32967374037135E-7
98468.75,1.31618986604214E-7
98500,1.32508992874683E-7
98531.25,1.36034468653071E-7
98562.5,1.36315786683469E-7
98593.75,1.32589093966873E-7
98625,1.30118522843229E-7
98656.25,1.30174085966667E-7
98687.5,1.3144600597957E-7
98718.75,1.33081690036469E-7
98750,1.33272440497225E-7
98781.25,1.33613189001985E-7
98812.5,1.33315464541125E-7
98843.75,1.31599161523912E-7
98875,1.3111283765607E-7
98906.25,1.31564088016234E-7
98937.5,1.3073570740704E-7
98968.75,1.29856989316533E-7
99000,1.30835137063314E-7
99031.25,1.32188551017448E-7
99062.5,1.31819466306411E-7
99093.75,1.30898627441033E-7
99125,1.30333909469603E-7
99156.25,1.30494804481459E-7
99187.5,1.3241694892576E-7
99218.75,1.33300264502941E-7
99250,1.3112713132527E-7
99281.25,1.31681560285889E-7
99312.5,1.35050108548654E-7
99343.75,1.36255580970536E-7
99375,1.35642609849308E-7
99406.25,1.34475485872009E-7
99437.5,1.34330070691208E-7
99468.75,1.34780569747758E-7
99500,1.34096831768695E-7
99531.25,1.33152201272642E-7
99562.5,1.31993357306463E-7
99593.75,1.29712566382308E-7
99625,1.27719297953995E-7
99656.25,1.27939852768821E-7
99687.5,1.29255183908521E-7
99718.75,1.30703553575242E-7
99750,1.31686358699848E-7
99781.25,1.30246202648794E-7
99812.5,1.27857393885446E-7
99843.75,1.27805060806778E-7
99875,1.2889408166017E-7
99906.25,1.29806618420253E-7
99937.5,1.2952807183699E-7
99968.75,1.28605181038358E-7

// End of Data
