// SR1 Audio Analyzer: 10/21/2024 9:46:30 AM

// Series: A1:FFT1:Power Spectrum A
// Units: Hz,V/rtHz
0,1.69911681413041E-6
3.90625,1.83001184239601E-6
7.8125,1.83475851531207E-6
11.71875,1.54986942809277E-6
15.625,1.24905512635671E-6
19.53125,1.08831358023128E-6
23.4375,1.04730680955487E-6
27.34375,1.03636928434382E-6
31.25,9.86780475565866E-7
35.15625,9.25692546471807E-7
39.0625,8.54422452483553E-7
42.96875,7.67660873412415E-7
46.875,7.13295204689844E-7
50.78125,7.52351435046119E-7
54.6875,1.01309223321958E-6
58.59375,1.32203260307189E-6
62.5,1.27305798891351E-6
66.40625,9.22592033321247E-7
70.3125,6.73346748221878E-7
74.21875,6.09328445382136E-7
78.125,5.95944257159736E-7
82.03125,5.69541363036816E-7
85.9375,5.29906859500251E-7
89.84375,5.12668054941172E-7
93.75,5.18873222826432E-7
97.65625,5.32755449811911E-7
101.5625,5.35657911558692E-7
105.46875,5.3800669222031E-7
109.375,5.65810961367185E-7
113.28125,6.38029645637566E-7
117.1875,7.48283991888278E-7
121.09375,7.67443900055044E-7
125,6.4905567474518E-7
128.90625,5.26365877956901E-7
132.8125,4.67930569698543E-7
136.71875,4.36266064203107E-7
140.625,4.2122613444353E-7
144.53125,4.18005520004742E-7
148.4375,4.27368473351911E-7
152.34375,4.48076875836889E-7
156.25,4.69921884465078E-7
160.15625,4.88967348758804E-7
164.0625,5.00125961058568E-7
167.96875,5.03725953296925E-7
171.875,6.64575136622595E-7
175.78125,1.10879052881977E-6
179.6875,1.40595423460974E-6
183.59375,1.19832731511508E-6
187.5,7.20833282623914E-7
191.40625,4.5863006742082E-7
195.3125,4.15064090482155E-7
199.21875,3.94495059418647E-7
203.125,3.87862545182784E-7
207.03125,4.02830714628145E-7
210.9375,4.23851741293838E-7
214.84375,4.2692295181797E-7
218.75,4.09083895757112E-7
222.65625,3.9076965925339E-7
226.5625,3.83707587930063E-7
230.46875,4.03372339950743E-7
234.375,4.68886421599618E-7
238.28125,5.43081465458414E-7
242.1875,5.29983327624626E-7
246.09375,4.30776349972199E-7
250,3.61802448466225E-7
253.90625,3.54140455648197E-7
257.8125,3.54016903186328E-7
261.71875,3.45655892791188E-7
265.625,3.3822058999144E-7
269.53125,3.45707520567828E-7
273.4375,3.56801334681122E-7
277.34375,3.51850707636652E-7
281.25,3.33075383339949E-7
285.15625,3.1923927310326E-7
289.0625,3.20981035533729E-7
292.96875,4.04264130122199E-7
296.875,5.67001186409798E-7
300.78125,6.26754492947904E-7
304.6875,5.11734557470456E-7
308.59375,3.73397374028071E-7
312.5,3.40119513214369E-7
316.40625,3.39894695551228E-7
320.3125,3.36816381473826E-7
324.21875,3.4849800460566E-7
328.125,3.60102774110034E-7
332.03125,3.53162388733113E-7
335.9375,3.32597145993975E-7
339.84375,3.25238124967172E-7
343.75,3.42449154797507E-7
347.65625,3.52799777628313E-7
351.5625,3.38899600824812E-7
355.46875,3.30855680258405E-7
359.375,3.5165465374116E-7
363.28125,3.55983817210165E-7
367.1875,3.37839661638522E-7
371.09375,3.33610572685396E-7
375,3.51852991220264E-7
378.90625,3.64431209568751E-7
382.8125,3.53929325152959E-7
386.71875,3.3547534940043E-7
390.625,3.22106493742983E-7
394.53125,3.03844992231087E-7
398.4375,2.968035514544E-7
402.34375,3.14796165893411E-7
406.25,3.29894641170081E-7
410.15625,3.35922321784644E-7
414.0625,3.64683955945176E-7
417.96875,4.14357375513019E-7
421.875,4.21673550220016E-7
425.78125,3.72675564248298E-7
429.6875,3.2521099252918E-7
433.59375,3.06987398209704E-7
437.5,3.06159749437412E-7
441.40625,3.14831852312059E-7
445.3125,3.25083801756519E-7
449.21875,3.25485598535946E-7
453.125,3.16474155246512E-7
457.03125,3.07924859760791E-7
460.9375,3.01942764891268E-7
464.84375,2.99314801899125E-7
468.75,2.94217848154742E-7
472.65625,2.94087908360369E-7
476.5625,2.97134654680377E-7
480.46875,2.93604794355338E-7
484.375,2.98206885763331E-7
488.28125,3.04687972747206E-7
492.1875,2.96797006519195E-7
496.09375,2.84463020604032E-7
500,2.85968845867877E-7
503.90625,2.92760154862462E-7
507.8125,2.83455009744736E-7
511.71875,2.70109077588553E-7
515.625,2.79492903074854E-7
519.53125,2.94709323147054E-7
523.4375,2.94065488059913E-7
527.34375,2.92226167453687E-7
531.25,3.06933969516087E-7
535.15625,3.40307449184473E-7
539.0625,3.63201069467878E-7
542.96875,3.33653851073202E-7
546.875,2.84326013023007E-7
550.78125,2.76698291970303E-7
554.6875,2.87170437833946E-7
558.59375,2.88964610501341E-7
562.5,2.84364974830067E-7
566.40625,2.83449006987269E-7
570.3125,2.89375856936234E-7
574.21875,2.95084856203373E-7
578.125,2.95009342448961E-7
582.03125,2.95634751688082E-7
585.9375,2.98996040278385E-7
589.84375,2.97017018760856E-7
593.75,2.93798595379576E-7
597.65625,2.91461283730565E-7
601.5625,2.82801563635837E-7
605.46875,2.66399539175732E-7
609.375,2.53819744393498E-7
613.28125,2.591237593265E-7
617.1875,2.67979283477572E-7
621.09375,2.69161587111022E-7
625,2.66842871577194E-7
628.90625,2.65806173698405E-7
632.8125,2.59709016201871E-7
636.71875,2.53382435788936E-7
640.625,2.6197659544967E-7
644.53125,2.76342797831397E-7
648.4375,2.82151596057229E-7
652.34375,2.81858784309607E-7
656.25,2.83462763118325E-7
660.15625,2.7338829937472E-7
664.0625,2.62071258546832E-7
667.96875,2.67320222047588E-7
671.875,2.7349898148246E-7
675.78125,2.7317984612523E-7
679.6875,2.80792238337521E-7
683.59375,2.94932879897619E-7
687.5,2.99984050413446E-7
691.40625,2.94938809178189E-7
695.3125,2.85744180940205E-7
699.21875,2.80823578278659E-7
703.125,2.79783427066296E-7
707.03125,2.75774495382251E-7
710.9375,2.79477480251989E-7
714.84375,2.8368800192737E-7
718.75,2.77006967091791E-7
722.65625,2.72722466231142E-7
726.5625,2.84913878603158E-7
730.46875,3.03301099891751E-7
734.375,3.05532479292448E-7
738.28125,2.88353484388736E-7
742.1875,2.65478894647553E-7
746.09375,2.50494055788671E-7
750,2.40626093862411E-7
753.90625,2.33676715061444E-7
757.8125,2.39103848040728E-7
761.71875,2.43218870299948E-7
765.625,2.44890758476853E-7
769.53125,2.56824929673835E-7
773.4375,2.79011163679717E-7
777.34375,3.01913679839982E-7
781.25,2.96635997068839E-7
785.15625,2.6919274482754E-7
789.0625,2.54451475537159E-7
792.96875,2.55596216088404E-7
796.875,2.60442471689299E-7
800.78125,2.59674836759414E-7
804.6875,2.51700441864579E-7
808.59375,2.54221332529125E-7
812.5,2.61326495184226E-7
816.40625,2.4894139119496E-7
820.3125,2.34109113336211E-7
824.21875,2.36709957802646E-7
828.125,2.44283128406661E-7
832.03125,2.45684484013547E-7
835.9375,2.41077700624169E-7
839.84375,2.38134137629028E-7
843.75,2.43737080803926E-7
847.65625,2.56848953779014E-7
851.5625,2.65598505141212E-7
855.46875,2.6650466440906E-7
859.375,2.70874004855584E-7
863.28125,2.76324376973068E-7
867.1875,2.74007903835258E-7
871.09375,2.69139680611739E-7
875,2.70140239746371E-7
878.90625,2.68716988239736E-7
882.8125,2.55485020677296E-7
886.71875,2.44658499287402E-7
890.625,2.44284298953227E-7
894.53125,2.40374191196624E-7
898.4375,2.3463939623442E-7
902.34375,2.37293879295839E-7
906.25,2.39611400902541E-7
910.15625,2.35486768038156E-7
914.0625,2.32616880416791E-7
917.96875,2.39148616156914E-7
921.875,2.45555173545669E-7
925.78125,2.49639283173695E-7
929.6875,2.59948019190287E-7
933.59375,2.63788816912682E-7
937.5,2.56357931650284E-7
941.40625,2.46752942815831E-7
945.3125,2.40705856516544E-7
949.21875,2.36437032224031E-7
953.125,2.32387394331433E-7
957.03125,2.37912675296257E-7
960.9375,2.39480844004279E-7
964.84375,2.22711668852622E-7
968.75,2.10932418839862E-7
972.65625,2.12854565265675E-7
976.5625,2.15823719130374E-7
980.46875,2.1625904174616E-7
984.375,2.14020416481154E-7
988.28125,2.20218193242581E-7
992.1875,2.37416362053492E-7
996.09375,2.59201485790998E-7
1000,2.69709188275847E-7
1003.90625,2.63953192340244E-7
1007.8125,2.57800565649244E-7
1011.71875,2.54735362174484E-7
1015.625,2.48021782321329E-7
1019.53125,2.3969978287064E-7
1023.4375,2.40558250744125E-7
1027.34375,2.46674666072945E-7
1031.25,2.50561594830092E-7
1035.15625,2.45943102767121E-7
1039.0625,2.35670102224508E-7
1042.96875,2.28173206036526E-7
1046.875,2.25664867328488E-7
1050.78125,2.16115132415824E-7
1054.6875,2.08846099907146E-7
1058.59375,2.16521548404186E-7
1062.5,2.25171437419362E-7
1066.40625,2.35384746921714E-7
1070.3125,2.43579417577399E-7
1074.21875,2.4886748718156E-7
1078.125,2.55740640551925E-7
1082.03125,2.59252227027633E-7
1085.9375,2.58066208671085E-7
1089.84375,2.49006029723131E-7
1093.75,2.32882816393395E-7
1097.65625,2.26373710238382E-7
1101.5625,2.33132950622854E-7
1105.46875,2.37381182857072E-7
1109.375,2.37392382233106E-7
1113.28125,2.39288361308794E-7
1117.1875,2.36373005647599E-7
1121.09375,2.25214001321854E-7
1125,2.20780814885648E-7
1128.90625,2.29031294485176E-7
1132.8125,2.39108473479383E-7
1136.71875,2.53508872351338E-7
1140.625,2.62385126512817E-7
1144.53125,2.55153209085401E-7
1148.4375,2.47682004875265E-7
1152.34375,2.44623289263839E-7
1156.25,2.42063989921527E-7
1160.15625,2.38581675540586E-7
1164.0625,2.23143233695686E-7
1167.96875,2.09154918896822E-7
1171.875,2.11989611335188E-7
1175.78125,2.13598997157588E-7
1179.6875,2.08972534315364E-7
1183.59375,2.1206013077689E-7
1187.5,2.25107398008911E-7
1191.40625,2.37148982880062E-7
1195.3125,2.36301621311271E-7
1199.21875,2.28950076024463E-7
1203.125,2.26412447208405E-7
1207.03125,2.27036388188978E-7
1210.9375,2.32121980108303E-7
1214.84375,2.42089635040564E-7
1218.75,2.42151632875814E-7
1222.65625,2.28801672146964E-7
1226.5625,2.2052371063607E-7
1230.46875,2.21782118454368E-7
1234.375,2.26729432144066E-7
1238.28125,2.21945821466094E-7
1242.1875,2.11135205911013E-7
1246.09375,2.15048539948268E-7
1250,2.30408387039503E-7
1253.90625,2.40402493781444E-7
1257.8125,2.44075039926912E-7
1261.71875,2.36885841050731E-7
1265.625,2.24756984267784E-7
1269.53125,2.23932963476311E-7
1273.4375,2.30016686227255E-7
1277.34375,2.32669051869209E-7
1281.25,2.26955642860612E-7
1285.15625,2.18140713052499E-7
1289.0625,2.16600499121155E-7
1292.96875,2.18862954925091E-7
1296.875,2.21816277158419E-7
1300.78125,2.28969769244771E-7
1304.6875,2.30660600140203E-7
1308.59375,2.29740849543284E-7
1312.5,2.38209476808597E-7
1316.40625,2.48398724374877E-7
1320.3125,2.44256494538058E-7
1324.21875,2.33808349970505E-7
1328.125,2.30571889572202E-7
1332.03125,2.2395877485695E-7
1335.9375,2.15983885348327E-7
1339.84375,2.15909853477029E-7
1343.75,2.1682016567315E-7
1347.65625,2.12542193519296E-7
1351.5625,2.09722328642254E-7
1355.46875,2.0946078922556E-7
1359.375,2.08439774523107E-7
1363.28125,2.09694731092302E-7
1367.1875,2.13125600883582E-7
1371.09375,2.17742159878156E-7
1375,2.23979729906038E-7
1378.90625,2.28894723636919E-7
1382.8125,2.25777184094055E-7
1386.71875,2.19498968001643E-7
1390.625,2.19272964494095E-7
1394.53125,2.21447039495853E-7
1398.4375,2.18424231490116E-7
1402.34375,2.03164877684015E-7
1406.25,1.88594615335212E-7
1410.15625,1.97838544330943E-7
1414.0625,2.15338467213731E-7
1417.96875,2.2198635309791E-7
1421.875,2.20593580187178E-7
1425.78125,2.18058570275061E-7
1429.6875,2.16083965858113E-7
1433.59375,2.1689953066925E-7
1437.5,2.18347671902553E-7
1441.40625,2.16900434977334E-7
1445.3125,2.13089760711352E-7
1449.21875,2.09396944615509E-7
1453.125,2.08282100982668E-7
1457.03125,2.06819619067227E-7
1460.9375,2.04147881058557E-7
1464.84375,2.07197347965455E-7
1468.75,2.13196642419925E-7
1472.65625,2.11528097967845E-7
1476.5625,2.01296045345049E-7
1480.46875,1.93634641100143E-7
1484.375,2.04226477539126E-7
1488.28125,2.21893844547472E-7
1492.1875,2.32038523332689E-7
1496.09375,2.37706863996624E-7
1500,2.37827464730593E-7
1503.90625,2.33121972379322E-7
1507.8125,2.33097165524404E-7
1511.71875,2.32591603122518E-7
1515.625,2.1978644377652E-7
1519.53125,2.06678867558372E-7
1523.4375,2.02573595625699E-7
1527.34375,1.95000234294962E-7
1531.25,1.8900912000387E-7
1535.15625,1.90310207643613E-7
1539.0625,1.92188566283863E-7
1542.96875,1.96513314905095E-7
1546.875,2.00017660341729E-7
1550.78125,1.94645428027631E-7
1554.6875,1.82553190890162E-7
1558.59375,1.77261293360525E-7
1562.5,1.98973856366E-7
1566.40625,2.20575442588756E-7
1570.3125,2.18054939719388E-7
1574.21875,2.02684856924992E-7
1578.125,1.89380245506262E-7
1582.03125,1.91223234045318E-7
1585.9375,2.00646158158667E-7
1589.84375,2.1042155828379E-7
1593.75,2.15007140098375E-7
1597.65625,2.08357221185994E-7
1601.5625,2.05948700000277E-7
1605.46875,2.12383459764416E-7
1609.375,2.12035155733856E-7
1613.28125,2.15868180918406E-7
1617.1875,2.4337377639981E-7
1621.09375,2.57218610409369E-7
1625,2.35736084068354E-7
1628.90625,2.14724601621598E-7
1632.8125,2.08046263972347E-7
1636.71875,2.09046513353965E-7
1640.625,2.11925212736827E-7
1644.53125,2.12346559506741E-7
1648.4375,2.09548287239453E-7
1652.34375,2.01507193228135E-7
1656.25,2.00666791937056E-7
1660.15625,2.09872378179948E-7
1664.0625,2.16970077164869E-7
1667.96875,2.23114055118229E-7
1671.875,2.27619606294439E-7
1675.78125,2.28256678394847E-7
1679.6875,2.19823868964095E-7
1683.59375,2.08224727293805E-7
1687.5,2.07808237467148E-7
1691.40625,2.06510454773853E-7
1695.3125,1.99316327961872E-7
1699.21875,2.04404460639306E-7
1703.125,2.15156469587378E-7
1707.03125,2.15541998879566E-7
1710.9375,2.13156324153884E-7
1714.84375,2.10861824848861E-7
1718.75,2.01800368069316E-7
1722.65625,2.01022814447519E-7
1726.5625,2.08694304684159E-7
1730.46875,2.05880609749969E-7
1734.375,2.03788331022332E-7
1738.28125,2.18128471070399E-7
1742.1875,2.25347454582435E-7
1746.09375,2.1735009545957E-7
1750,2.14437844808817E-7
1753.90625,2.13476210612358E-7
1757.8125,2.08265115206444E-7
1761.71875,2.00456586129597E-7
1765.625,2.02189285851808E-7
1769.53125,2.08721457080786E-7
1773.4375,2.05011568928901E-7
1777.34375,1.97903854900084E-7
1781.25,1.98738162906942E-7
1785.15625,2.07439914637196E-7
1789.0625,2.17868941881979E-7
1792.96875,2.2008989764532E-7
1796.875,2.15539981508499E-7
1800.78125,2.11582129887568E-7
1804.6875,2.09033456141894E-7
1808.59375,2.1079978347611E-7
1812.5,2.17173711944288E-7
1816.40625,2.15133073316227E-7
1820.3125,2.01420296803135E-7
1824.21875,1.9488943013523E-7
1828.125,1.97675487319282E-7
1832.03125,1.98438248985266E-7
1835.9375,2.05204407045143E-7
1839.84375,2.11261388956841E-7
1843.75,2.14216893666759E-7
1847.65625,2.19190006169722E-7
1851.5625,2.25340617050523E-7
1855.46875,2.53228342197228E-7
1859.375,2.84237631045125E-7
1863.28125,2.63268317805574E-7
1867.1875,2.16592348941946E-7
1871.09375,2.00334225968418E-7
1875,2.06596182517684E-7
1878.90625,2.16424105250155E-7
1882.8125,2.24079265993418E-7
1886.71875,2.24619518975003E-7
1890.625,2.13913195147967E-7
1894.53125,1.99282012418908E-7
1898.4375,2.03235505699974E-7
1902.34375,2.1582358773501E-7
1906.25,2.18124148294888E-7
1910.15625,2.08475575268989E-7
1914.0625,1.92291900212149E-7
1917.96875,1.87898621123991E-7
1921.875,1.96397203738343E-7
1925.78125,2.02033506797125E-7
1929.6875,2.05216786642494E-7
1933.59375,2.14327844264994E-7
1937.5,2.16163896326383E-7
1941.40625,2.04202118295824E-7
1945.3125,1.90170775827831E-7
1949.21875,1.92543432331857E-7
1953.125,2.08733073332561E-7
1957.03125,2.15522635723778E-7
1960.9375,2.07237229098135E-7
1964.84375,1.98364566713968E-7
1968.75,1.99179006588452E-7
1972.65625,2.1381276170958E-7
1976.5625,2.40838742111976E-7
1980.46875,2.51816105088012E-7
1984.375,2.32542310593233E-7
1988.28125,2.16443769898788E-7
1992.1875,2.1343383037411E-7
1996.09375,2.13016032096518E-7
2000,2.18667626303292E-7
2003.90625,2.19140535303867E-7
2007.8125,2.04885181599659E-7
2011.71875,1.92059806715829E-7
2015.625,1.93431289118188E-7
2019.53125,1.97467207363333E-7
2023.4375,1.98079686799977E-7
2027.34375,1.99609808213677E-7
2031.25,2.03868839656808E-7
2035.15625,2.06987825972702E-7
2039.0625,2.04634008955084E-7
2042.96875,2.01108554782897E-7
2046.875,1.98054702800321E-7
2050.78125,1.91815851887284E-7
2054.6875,1.88398009488091E-7
2058.59375,1.91712347653694E-7
2062.5,1.95467530043775E-7
2066.40625,1.94500957493074E-7
2070.3125,1.8990977998886E-7
2074.21875,1.82788673821287E-7
2078.125,1.77665328510528E-7
2082.03125,1.84304199835882E-7
2085.9375,1.9859239179489E-7
2089.84375,2.08833064112738E-7
2093.75,2.10758109669686E-7
2097.65625,2.07101599631177E-7
2101.5625,1.98367717768852E-7
2105.46875,1.89211841602671E-7
2109.375,1.88837531880314E-7
2113.28125,1.98363190717779E-7
2117.1875,2.0363128012789E-7
2121.09375,2.00430577875972E-7
2125,1.97635386602838E-7
2128.90625,1.96592571513893E-7
2132.8125,1.98006258984724E-7
2136.71875,2.01028421889793E-7
2140.625,1.9703435973458E-7
2144.53125,1.87735792670457E-7
2148.4375,1.87243756889447E-7
2152.34375,1.90798503434434E-7
2156.25,1.90384040463842E-7
2160.15625,1.88949496179243E-7
2164.0625,1.79910158498577E-7
2167.96875,1.72430036888638E-7
2171.875,1.82365563982566E-7
2175.78125,1.99134568583988E-7
2179.6875,2.07963304430826E-7
2183.59375,2.04413004277172E-7
2187.5,1.90471257150969E-7
2191.40625,1.74431073557783E-7
2195.3125,1.72985886712738E-7
2199.21875,1.84239955819128E-7
2203.125,1.95047589152082E-7
2207.03125,2.01110458402869E-7
2210.9375,2.07556617122076E-7
2214.84375,2.19202501511713E-7
2218.75,2.2846003841768E-7
2222.65625,2.2293857485098E-7
2226.5625,2.12972262033012E-7
2230.46875,2.14764845543476E-7
2234.375,2.1617495961081E-7
2238.28125,2.07130797695296E-7
2242.1875,1.95152678770332E-7
2246.09375,1.9302028177577E-7
2250,1.95293091467315E-7
2253.90625,1.94112620483204E-7
2257.8125,1.93558629670808E-7
2261.71875,1.93684696888934E-7
2265.625,1.89669389231759E-7
2269.53125,1.85463043083621E-7
2273.4375,1.84095040797465E-7
2277.34375,1.82092005557032E-7
2281.25,1.82863882898233E-7
2285.15625,1.88359590854938E-7
2289.0625,1.9577317195648E-7
2292.96875,2.01768348989233E-7
2296.875,2.0711435646251E-7
2300.78125,2.1364540414957E-7
2304.6875,2.10959809668588E-7
2308.59375,1.97074025150485E-7
2312.5,1.90498451454361E-7
2316.40625,1.94114391836043E-7
2320.3125,1.94883821882986E-7
2324.21875,1.9028637688199E-7
2328.125,1.9013716498318E-7
2332.03125,1.95572466510087E-7
2335.9375,2.04184538490387E-7
2339.84375,2.1525456343576E-7
2343.75,2.12400483355281E-7
2347.65625,2.00627948735562E-7
2351.5625,1.97280611948339E-7
2355.46875,1.94292874724161E-7
2359.375,1.92047803373382E-7
2363.28125,1.95209566585965E-7
2367.1875,2.01472723011078E-7
2371.09375,2.03117798087227E-7
2375,1.95385803274292E-7
2378.90625,1.87239093407033E-7
2382.8125,1.85846781690502E-7
2386.71875,1.91080789167566E-7
2390.625,1.97372910993735E-7
2394.53125,1.96113912465174E-7
2398.4375,1.88187353986341E-7
2402.34375,1.87063108771889E-7
2406.25,2.00625969862988E-7
2410.15625,2.15503501111807E-7
2414.0625,2.11774352432967E-7
2417.96875,1.92500703468112E-7
2421.875,1.85084739792723E-7
2425.78125,1.92745538636053E-7
2429.6875,1.97695660140644E-7
2433.59375,1.98920468633709E-7
2437.5,2.03526759910207E-7
2441.40625,2.09395974045302E-7
2445.3125,2.07753917917292E-7
2449.21875,2.003215210418E-7
2453.125,1.95274503887681E-7
2457.03125,1.92916345766169E-7
2460.9375,1.90611157251281E-7
2464.84375,1.85412010387837E-7
2468.75,1.8401268091538E-7
2472.65625,1.87486715753352E-7
2476.5625,1.8856544833105E-7
2480.46875,1.87997631982203E-7
2484.375,1.93545968371927E-7
2488.28125,2.00235927583585E-7
2492.1875,1.95933843982663E-7
2496.09375,1.85126633663244E-7
2500,1.82013686097183E-7
2503.90625,1.88652572542658E-7
2507.8125,1.91872663658929E-7
2511.71875,1.8856975317591E-7
2515.625,1.87966153328834E-7
2519.53125,1.88722151541865E-7
2523.4375,1.87404988946871E-7
2527.34375,1.88221520174034E-7
2531.25,1.95433524202473E-7
2535.15625,1.98302017744659E-7
2539.0625,1.94804434160333E-7
2542.96875,1.98981605869527E-7
2546.875,2.02401638556443E-7
2550.78125,1.98304579905325E-7
2554.6875,1.9169664276112E-7
2558.59375,1.8291781636114E-7
2562.5,1.84733634374577E-7
2566.40625,1.9680303795031E-7
2570.3125,2.08035302303646E-7
2574.21875,2.10629044619344E-7
2578.125,2.0355918734983E-7
2582.03125,1.94124398762923E-7
2585.9375,1.90371776291856E-7
2589.84375,1.88595379694426E-7
2593.75,1.84552475591641E-7
2597.65625,1.8462834214494E-7
2601.5625,1.88137732280013E-7
2605.46875,1.87617190466516E-7
2609.375,1.79637761245753E-7
2613.28125,1.68079158315725E-7
2617.1875,1.67715194864577E-7
2621.09375,1.84521376144764E-7
2625,1.99512740118884E-7
2628.90625,2.02949609102493E-7
2632.8125,2.02872964156101E-7
2636.71875,2.06059434857369E-7
2640.625,2.0766253440592E-7
2644.53125,2.0222211474065E-7
2648.4375,1.94781662816706E-7
2652.34375,1.89872837189215E-7
2656.25,1.81093748198827E-7
2660.15625,1.72344625576713E-7
2664.0625,1.7627661571365E-7
2667.96875,1.82639210825252E-7
2671.875,1.77794650205769E-7
2675.78125,1.77069814096499E-7
2679.6875,1.84947782868909E-7
2683.59375,1.8564081189253E-7
2687.5,1.79638905751753E-7
2691.40625,1.80246182291636E-7
2695.3125,1.84005887099462E-7
2699.21875,1.78807725103534E-7
2703.125,1.76577085738602E-7
2707.03125,1.867998899546E-7
2710.9375,1.98951704779644E-7
2714.84375,2.0051333041486E-7
2718.75,1.90525908551384E-7
2722.65625,1.76150056717899E-7
2726.5625,1.65892637817166E-7
2730.46875,1.66847499646456E-7
2734.375,1.72986009663018E-7
2738.28125,1.72902533633849E-7
2742.1875,1.73958761798654E-7
2746.09375,1.82266741541252E-7
2750,1.86685009812251E-7
2753.90625,1.88643239954051E-7
2757.8125,1.92392746595703E-7
2761.71875,1.91717469340059E-7
2765.625,1.83382053796149E-7
2769.53125,1.78703020948693E-7
2773.4375,1.83436871978048E-7
2777.34375,1.85445445431005E-7
2781.25,1.84718986501464E-7
2785.15625,1.92472490591575E-7
2789.0625,1.94706669621641E-7
2792.96875,1.8080565325653E-7
2796.875,1.70225901878966E-7
2800.78125,1.77907978636178E-7
2804.6875,1.92818775977069E-7
2808.59375,2.05090882980732E-7
2812.5,2.10559067213872E-7
2816.40625,2.07646692935555E-7
2820.3125,1.9926587234753E-7
2824.21875,1.9629102870998E-7
2828.125,1.99111568467522E-7
2832.03125,1.93722028961771E-7
2835.9375,1.77560749256469E-7
2839.84375,1.67881464515164E-7
2843.75,1.69294654299516E-7
2847.65625,1.66576376470523E-7
2851.5625,1.68068113857105E-7
2855.46875,1.78496261637656E-7
2859.375,1.78386400282343E-7
2863.28125,1.74422605875709E-7
2867.1875,1.81862403702425E-7
2871.09375,1.86704395572816E-7
2875,1.87400928467886E-7
2878.90625,1.90417415368713E-7
2882.8125,1.87539949814036E-7
2886.71875,1.81946262965237E-7
2890.625,1.80265106850016E-7
2894.53125,1.837155734804E-7
2898.4375,1.91634759864818E-7
2902.34375,1.9287315427979E-7
2906.25,1.8321085812117E-7
2910.15625,1.70854637965865E-7
2914.0625,1.73595098392317E-7
2917.96875,1.84120783139263E-7
2921.875,1.87037234408096E-7
2925.78125,1.88743675694884E-7
2929.6875,1.86443851786665E-7
2933.59375,1.81238520376643E-7
2937.5,1.81164899752843E-7
2941.40625,1.87139624400067E-7
2945.3125,1.9288634981175E-7
2949.21875,1.93412302682533E-7
2953.125,1.91053677753298E-7
2957.03125,1.91635986866738E-7
2960.9375,1.90859146893624E-7
2964.84375,1.83416007051751E-7
2968.75,1.71487979851598E-7
2972.65625,1.64079887704377E-7
2976.5625,1.68624250656723E-7
2980.46875,1.75358816252756E-7
2984.375,1.80986912927387E-7
2988.28125,1.89396011463072E-7
2992.1875,1.93089951367023E-7
2996.09375,1.92311679265116E-7
3000,1.91175587033174E-7
3003.90625,1.91537980775117E-7
3007.8125,1.96326511025283E-7
3011.71875,1.9978418009408E-7
3015.625,1.92496339213838E-7
3019.53125,1.82073420147241E-7
3023.4375,1.82947050592588E-7
3027.34375,1.84450962023648E-7
3031.25,1.80624649983034E-7
3035.15625,1.76786711213746E-7
3039.0625,1.71426824984385E-7
3042.96875,1.74414131007895E-7
3046.875,1.83620901041733E-7
3050.78125,1.83999144406543E-7
3054.6875,1.78318036365058E-7
3058.59375,1.77946894129265E-7
3062.5,1.7740238605988E-7
3066.40625,1.71130037441937E-7
3070.3125,1.68670457160779E-7
3074.21875,1.71815415154876E-7
3078.125,1.77267492469685E-7
3082.03125,1.78539926499019E-7
3085.9375,1.77631606431872E-7
3089.84375,1.77340352416122E-7
3093.75,1.76414664813232E-7
3097.65625,1.71456281831974E-7
3101.5625,1.67006029962487E-7
3105.46875,1.68601307348909E-7
3109.375,1.73709364060385E-7
3113.28125,1.76959080517541E-7
3117.1875,1.76608774570011E-7
3121.09375,1.82384521294592E-7
3125,1.94004080585091E-7
3128.90625,1.98696795930734E-7
3132.8125,1.97371845375923E-7
3136.71875,1.94658843344761E-7
3140.625,1.87131959090993E-7
3144.53125,1.74550221064965E-7
3148.4375,1.68954935035135E-7
3152.34375,1.70799205925382E-7
3156.25,1.73785911914082E-7
3160.15625,1.85943733250839E-7
3164.0625,1.94075497487018E-7
3167.96875,1.88639500525568E-7
3171.875,1.79717826190207E-7
3175.78125,1.76910857818617E-7
3179.6875,1.73304696835545E-7
3183.59375,1.66148435252837E-7
3187.5,1.71813221344062E-7
3191.40625,1.83619865010543E-7
3195.3125,1.85088346753721E-7
3199.21875,1.82562880107323E-7
3203.125,1.8493684493446E-7
3207.03125,1.8440420511111E-7
3210.9375,1.84380226222883E-7
3214.84375,1.86591742683796E-7
3218.75,1.83591046843798E-7
3222.65625,1.75584008644541E-7
3226.5625,1.6748603296779E-7
3230.46875,1.68585054534101E-7
3234.375,1.78892382223143E-7
3238.28125,1.8598762545301E-7
3242.1875,1.89555886609546E-7
3246.09375,1.88149331944974E-7
3250,1.81095327183295E-7
3253.90625,1.813365478339E-7
3257.8125,1.8171728976039E-7
3261.71875,1.7251734422716E-7
3265.625,1.66476223025283E-7
3269.53125,1.73340153668345E-7
3273.4375,1.83541135279701E-7
3277.34375,1.85932548867958E-7
3281.25,1.81951743975412E-7
3285.15625,1.79454335571124E-7
3289.0625,1.78855997917248E-7
3292.96875,1.81984159086445E-7
3296.875,1.87859987147132E-7
3300.78125,1.898445636565E-7
3304.6875,1.90866842046256E-7
3308.59375,1.95805248115492E-7
3312.5,1.97292296924871E-7
3316.40625,1.88512604148867E-7
3320.3125,1.80182570199357E-7
3324.21875,1.86108732757459E-7
3328.125,1.94772605705943E-7
3332.03125,1.91957363506586E-7
3335.9375,1.81269466018247E-7
3339.84375,1.79543926413042E-7
3343.75,1.85916724358773E-7
3347.65625,1.89173338404791E-7
3351.5625,1.90289636867947E-7
3355.46875,1.83998149035706E-7
3359.375,1.76494611913513E-7
3363.28125,1.82422896368792E-7
3367.1875,1.91162155969968E-7
3371.09375,1.87172100612036E-7
3375,1.74861057192795E-7
3378.90625,1.71723120234674E-7
3382.8125,1.74999284437067E-7
3386.71875,1.81741821541645E-7
3390.625,1.90000205697368E-7
3394.53125,1.88333668747736E-7
3398.4375,1.87106984674633E-7
3402.34375,1.89208631740881E-7
3406.25,1.84819093391649E-7
3410.15625,1.74907987267666E-7
3414.0625,1.70805411279206E-7
3417.96875,1.73813616156173E-7
3421.875,1.77618222246658E-7
3425.78125,1.831886580783E-7
3429.6875,1.88522112431409E-7
3433.59375,1.87989448542238E-7
3437.5,1.80385654290569E-7
3441.40625,1.71612943890078E-7
3445.3125,1.73912193847844E-7
3449.21875,1.82737366283196E-7
3453.125,1.82378748787937E-7
3457.03125,1.74122889992467E-7
3460.9375,1.72336363912214E-7
3464.84375,1.81824189770461E-7
3468.75,1.89759468710882E-7
3472.65625,1.85165646504129E-7
3476.5625,1.74259899124418E-7
3480.46875,1.68367330195939E-7
3484.375,1.69384875253656E-7
3488.28125,1.73561211817994E-7
3492.1875,1.79550586341782E-7
3496.09375,1.87934487072433E-7
3500,1.9001883039854E-7
3503.90625,1.79483409771078E-7
3507.8125,1.67745000601803E-7
3511.71875,1.65845436518156E-7
3515.625,1.69781472756107E-7
3519.53125,1.7165266701031E-7
3523.4375,1.74601335767425E-7
3527.34375,1.75001026440934E-7
3531.25,1.69627598251655E-7
3535.15625,1.70313999166793E-7
3539.0625,1.77124424455293E-7
3542.96875,1.83843672857923E-7
3546.875,1.87234631752893E-7
3550.78125,1.81719207949035E-7
3554.6875,1.72040856959438E-7
3558.59375,1.68706411705981E-7
3562.5,1.72981672197529E-7
3566.40625,1.77604045352204E-7
3570.3125,1.79126595829534E-7
3574.21875,1.78262538904152E-7
3578.125,1.77366169094963E-7
3582.03125,1.7627237932851E-7
3585.9375,1.71963429245895E-7
3589.84375,1.70487777003132E-7
3593.75,1.75554187691785E-7
3597.65625,1.84293505809348E-7
3601.5625,1.94962874249508E-7
3605.46875,2.01768395838709E-7
3609.375,1.9797339349977E-7
3613.28125,1.86339957120368E-7
3617.1875,1.78361572615627E-7
3621.09375,1.78391666112167E-7
3625,1.83852914882629E-7
3628.90625,1.85571739432333E-7
3632.8125,1.80448369733588E-7
3636.71875,1.80187665501518E-7
3640.625,1.86172496917038E-7
3644.53125,1.9047227452602E-7
3648.4375,1.89100163854587E-7
3652.34375,1.84725626161669E-7
3656.25,1.859981521958E-7
3660.15625,1.8885582702542E-7
3664.0625,1.87981258460326E-7
3667.96875,1.86346031756682E-7
3671.875,1.80071906920338E-7
3675.78125,1.73385989333577E-7
3679.6875,1.75808200173163E-7
3683.59375,1.77070027633445E-7
3687.5,1.69872513301331E-7
3691.40625,1.68446817741996E-7
3695.3125,1.7881100933657E-7
3699.21875,1.88473092944082E-7
3703.125,1.87988995991384E-7
3707.03125,1.7747456479415E-7
3710.9375,1.6706001171267E-7
3714.84375,1.63994104684631E-7
3718.75,1.74574555208364E-7
3722.65625,1.88228080226135E-7
3726.5625,1.89676254291679E-7
3730.46875,1.7950146684988E-7
3734.375,1.73153386909538E-7
3738.28125,1.7732520710299E-7
3742.1875,1.80014108019371E-7
3746.09375,1.84272949480773E-7
3750,1.90331018311821E-7
3753.90625,1.89419230636876E-7
3757.8125,1.87166223239378E-7
3761.71875,1.86718894021222E-7
3765.625,1.83874417823647E-7
3769.53125,1.76991161600251E-7
3773.4375,1.75521716059874E-7
3777.34375,1.78127208816791E-7
3781.25,1.71997974102597E-7
3785.15625,1.64283522870429E-7
3789.0625,1.63205448179684E-7
3792.96875,1.66058839613707E-7
3796.875,1.73626324275863E-7
3800.78125,1.79863364242125E-7
3804.6875,1.84387313840507E-7
3808.59375,1.87482512088881E-7
3812.5,1.84953142987287E-7
3816.40625,1.71912355002028E-7
3820.3125,1.59079023122276E-7
3824.21875,1.5641939603832E-7
3828.125,1.57800733204909E-7
3832.03125,1.59870415708341E-7
3835.9375,1.588004108602E-7
3839.84375,1.60970409356389E-7
3843.75,1.69254259087041E-7
3847.65625,1.73691772874258E-7
3851.5625,1.72585130396065E-7
3855.46875,1.7589973543493E-7
3859.375,1.80851086475211E-7
3863.28125,1.81314998070789E-7
3867.1875,1.80358520616362E-7
3871.09375,1.77901044675416E-7
3875,1.72156819989131E-7
3878.90625,1.66123428739783E-7
3882.8125,1.63433664351346E-7
3886.71875,1.6544668136148E-7
3890.625,1.69428851882277E-7
3894.53125,1.71854947089333E-7
3898.4375,1.71587452913626E-7
3902.34375,1.6829856133553E-7
3906.25,1.68976194054273E-7
3910.15625,1.71750661877161E-7
3914.0625,1.7038603227683E-7
3917.96875,1.7451004030446E-7
3921.875,1.82145032334139E-7
3925.78125,1.83214134366866E-7
3929.6875,1.77742000799895E-7
3933.59375,1.73821121036053E-7
3937.5,1.77918266170073E-7
3941.40625,1.81278695884002E-7
3945.3125,1.75430232766534E-7
3949.21875,1.70777758707807E-7
3953.125,1.74438382530407E-7
3957.03125,1.79725741968261E-7
3960.9375,1.80528539878982E-7
3964.84375,1.79506963266795E-7
3968.75,1.82464365280516E-7
3972.65625,1.81471665841251E-7
3976.5625,1.78373046235818E-7
3980.46875,1.79251521291721E-7
3984.375,1.80473008527777E-7
3988.28125,1.79400882320703E-7
3992.1875,1.78150324790078E-7
3996.09375,1.78301536058584E-7
4000,1.76640390823979E-7
4003.90625,1.6998243442745E-7
4007.8125,1.62836019070503E-7
4011.71875,1.59407471624828E-7
4015.625,1.65270148158496E-7
4019.53125,1.7786824417507E-7
4023.4375,1.82715580790756E-7
4027.34375,1.83002631837131E-7
4031.25,1.86837187392553E-7
4035.15625,1.89744050546507E-7
4039.0625,1.87448665058675E-7
4042.96875,1.79067409639821E-7
4046.875,1.71227034078936E-7
4050.78125,1.70280264574649E-7
4054.6875,1.68756558755695E-7
4058.59375,1.62692033249259E-7
4062.5,1.62376851088529E-7
4066.40625,1.6433007268104E-7
4070.3125,1.6183410940464E-7
4074.21875,1.61697525517681E-7
4078.125,1.67437968270996E-7
4082.03125,1.75371079244639E-7
4085.9375,1.83145662837667E-7
4089.84375,1.89772656598937E-7
4093.75,1.91234257291755E-7
4097.65625,1.83555619656408E-7
4101.5625,1.71937172437154E-7
4105.46875,1.68015285857519E-7
4109.375,1.70663690358424E-7
4113.28125,1.73961390427195E-7
4117.1875,1.75979345744425E-7
4121.09375,1.75283251910131E-7
4125,1.73897653669346E-7
4128.90625,1.67971473763977E-7
4132.8125,1.58056289757342E-7
4136.71875,1.59809813287215E-7
4140.625,1.70034067527627E-7
4144.53125,1.75891244408105E-7
4148.4375,1.79130685558262E-7
4152.34375,1.83159314033055E-7
4156.25,1.84942633431291E-7
4160.15625,1.85422888430593E-7
4164.0625,1.87328770936425E-7
4167.96875,1.87227910672892E-7
4171.875,1.80574690629554E-7
4175.78125,1.75933507392618E-7
4179.6875,1.76094010201642E-7
4183.59375,1.77283109264365E-7
4187.5,1.77717508626636E-7
4191.40625,1.78527795132858E-7
4195.3125,1.75969717055039E-7
4199.21875,1.68281499893802E-7
4203.125,1.63478945550022E-7
4207.03125,1.60537394582139E-7
4210.9375,1.58997862116521E-7
4214.84375,1.59774984958653E-7
4218.75,1.60158506309385E-7
4222.65625,1.63665258751306E-7
4226.5625,1.70759789400664E-7
4230.46875,1.79320682453211E-7
4234.375,1.83359861592321E-7
4238.28125,1.79218664675794E-7
4242.1875,1.71852712529494E-7
4246.09375,1.70160092365516E-7
4250,1.67925468966304E-7
4253.90625,1.62436743114362E-7
4257.8125,1.66234549481804E-7
4261.71875,1.82590961045627E-7
4265.625,1.965658295878E-7
4269.53125,1.96321828569657E-7
4273.4375,1.87098888585809E-7
4277.34375,1.76482226133598E-7
4281.25,1.72428289468635E-7
4285.15625,1.75517656683489E-7
4289.0625,1.73368801527274E-7
4292.96875,1.66367131625902E-7
4296.875,1.65661354187264E-7
4300.78125,1.74663570996561E-7
4304.6875,1.85455735354585E-7
4308.59375,1.8629046491675E-7
4312.5,1.81469875260738E-7
4316.40625,1.83462668026965E-7
4320.3125,1.89252203777501E-7
4324.21875,1.9003978489156E-7
4328.125,1.85408180298202E-7
4332.03125,1.8099103243289E-7
4335.9375,1.84477749969445E-7
4339.84375,1.89881443506257E-7
4343.75,1.84333778281899E-7
4347.65625,1.70145370434484E-7
4351.5625,1.59910077969085E-7
4355.46875,1.58556949185212E-7
4359.375,1.58039565570093E-7
4363.28125,1.55397285773831E-7
4367.1875,1.57403870763794E-7
4371.09375,1.63336141392452E-7
4375,1.68298736855777E-7
4378.90625,1.71706220152924E-7
4382.8125,1.69714467463083E-7
4386.71875,1.66307958766448E-7
4390.625,1.654050392257E-7
4394.53125,1.61294625499404E-7
4398.4375,1.57569592802056E-7
4402.34375,1.66397299551471E-7
4406.25,1.7675911866565E-7
4410.15625,1.72223279848218E-7
4414.0625,1.62177699697064E-7
4417.96875,1.62655105198061E-7
4421.875,1.67826085416836E-7
4425.78125,1.70801136042867E-7
4429.6875,1.76403358538911E-7
4433.59375,1.81613872670045E-7
4437.5,1.77410231983448E-7
4441.40625,1.68906413892289E-7
4445.3125,1.67324624338767E-7
4449.21875,1.67320337844588E-7
4453.125,1.66224256799704E-7
4457.03125,1.66589300143444E-7
4460.9375,1.67730876822647E-7
4464.84375,1.75638374598617E-7
4468.75,1.84640936610832E-7
4472.65625,1.828904122934E-7
4476.5625,1.75682595079965E-7
4480.46875,1.70841843296705E-7
4484.375,1.6433148917638E-7
4488.28125,1.61056761093008E-7
4492.1875,1.60914538950511E-7
4496.09375,1.60335000404445E-7
4500,1.58849474971287E-7
4503.90625,1.54087267269456E-7
4507.8125,1.50586503981228E-7
4511.71875,1.54820814866333E-7
4515.625,1.64464520605227E-7
4519.53125,1.65594265822868E-7
4523.4375,1.62180023847729E-7
4527.34375,1.66682424506219E-7
4531.25,1.7337143228531E-7
4535.15625,1.78183192728254E-7
4539.0625,1.75918267827008E-7
4542.96875,1.67115750731758E-7
4546.875,1.66922345339554E-7
4550.78125,1.79001708601023E-7
4554.6875,1.84494658578167E-7
4558.59375,1.76178831157741E-7
4562.5,1.68303925151604E-7
4566.40625,1.70422290480864E-7
4570.3125,1.78984360295049E-7
4574.21875,1.83817293898129E-7
4578.125,1.77836513998991E-7
4582.03125,1.68703729213698E-7
4585.9375,1.66184565718946E-7
4589.84375,1.67035353887439E-7
4593.75,1.65998560329582E-7
4597.65625,1.67072558503065E-7
4601.5625,1.72600760098672E-7
4605.46875,1.77220027098364E-7
4609.375,1.74492069368152E-7
4613.28125,1.68716461917915E-7
4617.1875,1.67734476562081E-7
4621.09375,1.68554612209332E-7
4625,1.67383000119389E-7
4628.90625,1.68756663782053E-7
4632.8125,1.73738454313485E-7
4636.71875,1.78614159388196E-7
4640.625,1.79192857724816E-7
4644.53125,1.79600527935396E-7
4648.4375,1.82870725602021E-7
4652.34375,1.832755208943E-7
4656.25,1.79352729810367E-7
4660.15625,1.75514620504789E-7
4664.0625,1.74531584029268E-7
4667.96875,1.66237364220355E-7
4671.875,1.5115303814615E-7
4675.78125,1.45490380362711E-7
4679.6875,1.49150927756742E-7
4683.59375,1.50916836834124E-7
4687.5,1.56714253084663E-7
4691.40625,1.66491368758011E-7
4695.3125,1.70500133922126E-7
4699.21875,1.72089888165447E-7
4703.125,1.71166131139884E-7
4707.03125,1.6709445301235E-7
4710.9375,1.70638223765891E-7
4714.84375,1.80931705116635E-7
4718.75,1.82862409648055E-7
4722.65625,1.74035050590341E-7
4726.5625,1.69495370559602E-7
4730.46875,1.72158803519946E-7
4734.375,1.72137868911005E-7
4738.28125,1.71538470965336E-7
4742.1875,1.70664341167703E-7
4746.09375,1.70980866534879E-7
4750,1.78635585178974E-7
4753.90625,1.84806223351436E-7
4757.8125,1.82403191608226E-7
4761.71875,1.74464730223498E-7
4765.625,1.69231554798174E-7
4769.53125,1.69539255802059E-7
4773.4375,1.70228018969049E-7
4777.34375,1.66289762254454E-7
4781.25,1.60273187651366E-7
4785.15625,1.58948234237178E-7
4789.0625,1.64168958338045E-7
4792.96875,1.7117210229758E-7
4796.875,1.77749619012508E-7
4800.78125,1.87538992137727E-7
4804.6875,1.90770868788978E-7
4808.59375,1.86816436591325E-7
4812.5,1.78471296979588E-7
4816.40625,1.67936762028159E-7
4820.3125,1.66403292715922E-7
4824.21875,1.71470078081552E-7
4828.125,1.76791697198309E-7
4832.03125,1.81314633129856E-7
4835.9375,1.74998717269276E-7
4839.84375,1.63118386755715E-7
4843.75,1.63090720434469E-7
4847.65625,1.69915112004041E-7
4851.5625,1.69631868236547E-7
4855.46875,1.59801931361933E-7
4859.375,1.5268825450706E-7
4863.28125,1.56188617145503E-7
4867.1875,1.60379881900495E-7
4871.09375,1.62440976627337E-7
4875,1.66097237565052E-7
4878.90625,1.72428522458992E-7
4882.8125,1.75251997625051E-7
4886.71875,1.7195763673799E-7
4890.625,1.70212803100142E-7
4894.53125,1.76300483696205E-7
4898.4375,1.83647629912612E-7
4902.34375,1.84582808030861E-7
4906.25,1.82537979658837E-7
4910.15625,1.80737138789069E-7
4914.0625,1.7573947877852E-7
4917.96875,1.67799399500623E-7
4921.875,1.57309076902531E-7
4925.78125,1.51257806974269E-7
4929.6875,1.6160067310761E-7
4933.59375,1.71707830411557E-7
4937.5,1.69205753946116E-7
4941.40625,1.67755263370107E-7
4945.3125,1.68458945608044E-7
4949.21875,1.70114158505484E-7
4953.125,1.80056577942255E-7
4957.03125,1.8824673589025E-7
4960.9375,1.85637425713023E-7
4964.84375,1.77604457835318E-7
4968.75,1.70026833305041E-7
4972.65625,1.66386228671762E-7
4976.5625,1.63577214069775E-7
4980.46875,1.62376989348717E-7
4984.375,1.63909999679439E-7
4988.28125,1.64869363765493E-7
4992.1875,1.64798482786846E-7
4996.09375,1.67786287345275E-7
5000,1.72559981609228E-7
5003.90625,1.73314057707797E-7
5007.8125,1.72280180945308E-7
5011.71875,1.67927509513445E-7
5015.625,1.65682172879391E-7
5019.53125,1.74084572186091E-7
5023.4375,1.81845159368457E-7
5027.34375,1.78569414260896E-7
5031.25,1.72551415258593E-7
5035.15625,1.67953584115862E-7
5039.0625,1.58670762540251E-7
5042.96875,1.4940367509307E-7
5046.875,1.48756319466152E-7
5050.78125,1.52476689473416E-7
5054.6875,1.58113095418148E-7
5058.59375,1.63959487763005E-7
5062.5,1.64715570422717E-7
5066.40625,1.64650163496432E-7
5070.3125,1.67190822637245E-7
5074.21875,1.69698697257247E-7
5078.125,1.64263483621681E-7
5082.03125,1.55558081460303E-7
5085.9375,1.51781111285061E-7
5089.84375,1.57777024798529E-7
5093.75,1.72872687563193E-7
5097.65625,1.85962567248066E-7
5101.5625,1.8779341089961E-7
5105.46875,1.7816360268152E-7
5109.375,1.68093048978666E-7
5113.28125,1.64547214787008E-7
5117.1875,1.68116068678487E-7
5121.09375,1.72206476881821E-7
5125,1.68515785536469E-7
5128.90625,1.61938564018778E-7
5132.8125,1.59131231355053E-7
5136.71875,1.54750523432127E-7
5140.625,1.51890122283677E-7
5144.53125,1.53484322667767E-7
5148.4375,1.54624830744735E-7
5152.34375,1.57658991385024E-7
5156.25,1.70301150003117E-7
5160.15625,1.83244198279907E-7
5164.0625,1.85930000513889E-7
5167.96875,1.85023500103858E-7
5171.875,1.84638530417476E-7
5175.78125,1.78855178722774E-7
5179.6875,1.71220416143759E-7
5183.59375,1.6863825056744E-7
5187.5,1.6930584905477E-7
5191.40625,1.67214835702212E-7
5195.3125,1.63136857335076E-7
5199.21875,1.64406459720868E-7
5203.125,1.73756727602269E-7
5207.03125,1.79295944618385E-7
5210.9375,1.73632530669945E-7
5214.84375,1.68597473816238E-7
5218.75,1.74803630780979E-7
5222.65625,1.82353291862473E-7
5226.5625,1.78044988484456E-7
5230.46875,1.67693191154902E-7
5234.375,1.64802411859099E-7
5238.28125,1.69031867422406E-7
5242.1875,1.77071549076735E-7
5246.09375,1.81827042609673E-7
5250,1.79611863203765E-7
5253.90625,1.72087615458956E-7
5257.8125,1.66228493367576E-7
5261.71875,1.67316566768793E-7
5265.625,1.68767229099661E-7
5269.53125,1.65999855817046E-7
5273.4375,1.59615439248894E-7
5277.34375,1.49422433414966E-7
5281.25,1.41391088132803E-7
5285.15625,1.47447104224635E-7
5289.0625,1.6253033474637E-7
5292.96875,1.72199059452641E-7
5296.875,1.71226109377611E-7
5300.78125,1.64152129909351E-7
5304.6875,1.59530581203736E-7
5308.59375,1.63908601168151E-7
5312.5,1.66769184077444E-7
5316.40625,1.66967345633648E-7
5320.3125,1.66641594607049E-7
5324.21875,1.60328102380512E-7
5328.125,1.54974302302366E-7
5332.03125,1.5458188620513E-7
5335.9375,1.56747507577424E-7
5339.84375,1.63356757325935E-7
5343.75,1.66396426122043E-7
5347.65625,1.61876859933381E-7
5351.5625,1.60984333559262E-7
5355.46875,1.66557152248018E-7
5359.375,1.68151200153065E-7
5363.28125,1.62632729286654E-7
5367.1875,1.60773793175411E-7
5371.09375,1.69441892716324E-7
5375,1.80145902070355E-7
5378.90625,1.87512918781247E-7
5382.8125,1.93157467037748E-7
5386.71875,1.92534576783642E-7
5390.625,1.85759804518472E-7
5394.53125,1.79312419315269E-7
5398.4375,1.66951959983608E-7
5402.34375,1.56977020722621E-7
5406.25,1.61125115425046E-7
5410.15625,1.71967194614955E-7
5414.0625,1.79714440182E-7
5417.96875,1.82650622748287E-7
5421.875,1.8097762247809E-7
5425.78125,1.71856769093544E-7
5429.6875,1.61150105669807E-7
5433.59375,1.58737866551316E-7
5437.5,1.61809202892112E-7
5441.40625,1.60715031238577E-7
5445.3125,1.58074058669091E-7
5449.21875,1.5816100558931E-7
5453.125,1.64710168662701E-7
5457.03125,1.74125964010032E-7
5460.9375,1.73637797764581E-7
5464.84375,1.69776921187261E-7
5468.75,1.66822824575985E-7
5472.65625,1.6565666088331E-7
5476.5625,1.7009839062328E-7
5480.46875,1.74039538323019E-7
5484.375,1.73435083099435E-7
5488.28125,1.68869984148558E-7
5492.1875,1.67865001225831E-7
5496.09375,1.71858976099189E-7
5500,1.75148298105335E-7
5503.90625,1.77728578390044E-7
5507.8125,1.78846074841317E-7
5511.71875,1.76329340805422E-7
5515.625,1.76033797684844E-7
5519.53125,1.7485569179522E-7
5523.4375,1.68487511734488E-7
5527.34375,1.6661197443992E-7
5531.25,1.68217029941524E-7
5535.15625,1.66719190506605E-7
5539.0625,1.63347831307815E-7
5542.96875,1.6420534445744E-7
5546.875,1.69656037250627E-7
5550.78125,1.76121384920459E-7
5554.6875,1.79989938153468E-7
5558.59375,1.75674429860085E-7
5562.5,1.67081405757773E-7
5566.40625,1.63085496703382E-7
5570.3125,1.64128748629918E-7
5574.21875,1.64830758630149E-7
5578.125,1.64749253896456E-7
5582.03125,1.63945398226311E-7
5585.9375,1.61821506940151E-7
5589.84375,1.62190536752691E-7
5593.75,1.61804156866579E-7
5597.65625,1.53424732723013E-7
5601.5625,1.48318261432577E-7
5605.46875,1.54424619129426E-7
5609.375,1.5977775819291E-7
5613.28125,1.59099559414311E-7
5617.1875,1.60155569979221E-7
5621.09375,1.63669150053366E-7
5625,1.61154079700161E-7
5628.90625,1.57097702622935E-7
5632.8125,1.59893555070214E-7
5636.71875,1.67552286292933E-7
5640.625,1.70324086329869E-7
5644.53125,1.66138002105583E-7
5648.4375,1.65456579648021E-7
5652.34375,1.67436429859962E-7
5656.25,1.64714279181455E-7
5660.15625,1.59883275428572E-7
5664.0625,1.62204946266502E-7
5667.96875,1.7145502757242E-7
5671.875,1.7491289845516E-7
5675.78125,1.7068951312013E-7
5679.6875,1.73623983209946E-7
5683.59375,1.82115799121103E-7
5687.5,1.81717900982021E-7
5691.40625,1.75309748967177E-7
5695.3125,1.6449686915816E-7
5699.21875,1.55977444082284E-7
5703.125,1.5779240646361E-7
5707.03125,1.59035899421819E-7
5710.9375,1.52291173796693E-7
5714.84375,1.46612772207745E-7
5718.75,1.4669354420173E-7
5722.65625,1.49473026438049E-7
5726.5625,1.58427616249401E-7
5730.46875,1.66117347235444E-7
5734.375,1.64263203083619E-7
5738.28125,1.6020607031024E-7
5742.1875,1.60633711154377E-7
5746.09375,1.6110788837816E-7
5750,1.54644873561225E-7
5753.90625,1.47202058862712E-7
5757.8125,1.47440292445579E-7
5761.71875,1.4760375242163E-7
5765.625,1.47034094114821E-7
5769.53125,1.5240518509965E-7
5773.4375,1.58271871094719E-7
5777.34375,1.61112846201541E-7
5781.25,1.62775940040336E-7
5785.15625,1.62834284797035E-7
5789.0625,1.58782217204832E-7
5792.96875,1.56902792797775E-7
5796.875,1.59419390327296E-7
5800.78125,1.64354805667349E-7
5804.6875,1.69510218649338E-7
5808.59375,1.67547935100526E-7
5812.5,1.59801398985234E-7
5816.40625,1.58624116241673E-7
5820.3125,1.63075055984917E-7
5824.21875,1.65710932462876E-7
5828.125,1.66356250513866E-7
5832.03125,1.640479539158E-7
5835.9375,1.6134856278887E-7
5839.84375,1.62135669808556E-7
5843.75,1.5998482349388E-7
5847.65625,1.5037976095017E-7
5851.5625,1.497008189022E-7
5855.46875,1.59912080404787E-7
5859.375,1.67730151229805E-7
5863.28125,1.74184665296822E-7
5867.1875,1.79547756560346E-7
5871.09375,1.75107201923484E-7
5875,1.63000183477363E-7
5878.90625,1.60954685376743E-7
5882.8125,1.6505382827485E-7
5886.71875,1.60349665088873E-7
5890.625,1.56535533512717E-7
5894.53125,1.59006801961259E-7
5898.4375,1.65196842755399E-7
5902.34375,1.71959924904997E-7
5906.25,1.74841344967587E-7
5910.15625,1.7187003820199E-7
5914.0625,1.66717014684124E-7
5917.96875,1.63034634464561E-7
5921.875,1.59260541920361E-7
5925.78125,1.59247438996455E-7
5929.6875,1.63940569308534E-7
5933.59375,1.64864934597124E-7
5937.5,1.61157129811968E-7
5941.40625,1.61033062456622E-7
5945.3125,1.61810962756914E-7
5949.21875,1.59294807722131E-7
5953.125,1.57396461418928E-7
5957.03125,1.58040328177712E-7
5960.9375,1.58144725828956E-7
5964.84375,1.59501433234046E-7
5968.75,1.6146288918556E-7
5972.65625,1.60758601223373E-7
5976.5625,1.63444407482076E-7
5980.46875,1.70204805893818E-7
5984.375,1.70521089431288E-7
5988.28125,1.61624814888713E-7
5992.1875,1.5627414062801E-7
5996.09375,1.56869036427558E-7
6000,1.5366026249742E-7
6003.90625,1.48168278015994E-7
6007.8125,1.49424544764959E-7
6011.71875,1.57182032358468E-7
6015.625,1.64394801958103E-7
6019.53125,1.64870682459302E-7
6023.4375,1.58933640975435E-7
6027.34375,1.56390000644778E-7
6031.25,1.60393069116809E-7
6035.15625,1.60920310432112E-7
6039.0625,1.59024754445493E-7
6042.96875,1.60607331014274E-7
6046.875,1.65951560040602E-7
6050.78125,1.7007707734757E-7
6054.6875,1.64588542707858E-7
6058.59375,1.58082026745641E-7
6062.5,1.62863315117619E-7
6066.40625,1.73513774477382E-7
6070.3125,1.77397856845861E-7
6074.21875,1.725687871827E-7
6078.125,1.6666846590387E-7
6082.03125,1.66388955627761E-7
6085.9375,1.65999393144113E-7
6089.84375,1.59707147751903E-7
6093.75,1.54669703795191E-7
6097.65625,1.55968057869027E-7
6101.5625,1.6199687484415E-7
6105.46875,1.63588294476097E-7
6109.375,1.64646022670724E-7
6113.28125,1.70347310896362E-7
6117.1875,1.71388724825187E-7
6121.09375,1.70261555716878E-7
6125,1.69603369450535E-7
6128.90625,1.65919502223715E-7
6132.8125,1.60307738213154E-7
6136.71875,1.57705421158432E-7
6140.625,1.52304898449685E-7
6144.53125,1.44172923065581E-7
6148.4375,1.48813403830047E-7
6152.34375,1.61082649518463E-7
6156.25,1.6558604555807E-7
6160.15625,1.64695468952617E-7
6164.0625,1.62030241108155E-7
6167.96875,1.56285716129899E-7
6171.875,1.57806491278916E-7
6175.78125,1.65948370202131E-7
6179.6875,1.70192948233121E-7
6183.59375,1.6548475724172E-7
6187.5,1.58767206799924E-7
6191.40625,1.65420761613666E-7
6195.3125,1.76472511056848E-7
6199.21875,1.75050558263631E-7
6203.125,1.65511145284752E-7
6207.03125,1.59787726648177E-7
6210.9375,1.61711715917712E-7
6214.84375,1.65171463254726E-7
6218.75,1.66655718530663E-7
6222.65625,1.7025458794626E-7
6226.5625,1.71078493380301E-7
6230.46875,1.68885174075036E-7
6234.375,1.7014393983932E-7
6238.28125,1.6933811009741E-7
6242.1875,1.66946036059527E-7
6246.09375,1.65129243670693E-7

// End of Data
