// SR1 Audio Analyzer: 10/21/2024 9:52:21 AM

// Series: A1:FFT1:Power Spectrum A
// Units: Hz,V/rtHz
0,3.97512654777304E-8
31.25,4.17690360959717E-8
62.5,4.22918180138774E-8
93.75,4.49040911342444E-8
125,5.88428303515099E-8
156.25,8.05749947345829E-8
187.5,1.01333582438853E-7
218.75,1.10026291766336E-7
250,9.94488705490488E-8
281.25,7.59890584168299E-8
312.5,5.6501932228196E-8
343.75,5.07394858804867E-8
375,5.37330980403105E-8
406.25,5.73207622293589E-8
437.5,5.75286781253604E-8
468.75,5.42549232652271E-8
500,4.77589777983224E-8
531.25,3.86289719270453E-8
562.5,2.9828021953994E-8
593.75,2.38313195250778E-8
625,2.00575486037473E-8
656.25,1.74658031647492E-8
687.5,1.58217236271616E-8
718.75,1.50555060732375E-8
750,1.48904085166129E-8
781.25,1.47022404704221E-8
812.5,1.45151736309878E-8
843.75,1.44330932941767E-8
875,1.43721511249076E-8
906.25,1.42896427243361E-8
937.5,1.39755919623603E-8
968.75,1.36166449140715E-8
1000,1.33123000339079E-8
1031.25,1.28840926511715E-8
1062.5,1.24505385488673E-8
1093.75,1.21018396387389E-8
1125,1.19767202459991E-8
1156.25,1.19095817629068E-8
1187.5,1.1483814409985E-8
1218.75,1.10206047354619E-8
1250,1.09527653192602E-8
1281.25,1.09788295932829E-8
1312.5,1.07823928093835E-8
1343.75,1.04523986252869E-8
1375,1.02839940625313E-8
1406.25,1.02517383625673E-8
1437.5,1.01890023830459E-8
1468.75,1.01115015787781E-8
1500,1.01356548056611E-8
1531.25,1.01880349132938E-8
1562.5,1.01124996350592E-8
1593.75,9.97574944360555E-9
1625,9.87843655767571E-9
1656.25,9.83369488241517E-9
1687.5,9.93273290743856E-9
1718.75,1.01040471509288E-8
1750,1.01046675109747E-8
1781.25,9.95430066465518E-9
1812.5,9.93270801752145E-9
1843.75,1.00122437582068E-8
1875,9.86963131090231E-9
1906.25,9.64214539888518E-9
1937.5,9.57822766021425E-9
1968.75,9.57220470308024E-9
2000,9.53370159884429E-9
2031.25,9.44542181358756E-9
2062.5,9.35885691434078E-9
2093.75,9.31935089719261E-9
2125,9.15392321090612E-9
2156.25,8.99783776592674E-9
2187.5,9.08179517293309E-9
2218.75,9.32788090916343E-9
2250,9.59608436898119E-9
2281.25,9.67842350296998E-9
2312.5,9.44580132914487E-9
2343.75,9.07715439321313E-9
2375,8.78431836284933E-9
2406.25,8.76973318440124E-9
2437.5,9.01601251067111E-9
2468.75,9.08272945401842E-9
2500,8.9524499337651E-9
2531.25,8.97207626091359E-9
2562.5,9.24511458481999E-9
2593.75,9.46751259924812E-9
2625,9.40282041180574E-9
2656.25,9.14077112864285E-9
2687.5,9.03436475861959E-9
2718.75,9.17354534535165E-9
2750,9.24161903396241E-9
2781.25,9.19805078017479E-9
2812.5,9.02344883315315E-9
2843.75,8.73521398451572E-9
2875,8.58869376859402E-9
2906.25,8.70268089145734E-9
2937.5,8.93952421419032E-9
2968.75,9.06256310561818E-9
3000,9.12743102857684E-9
3031.25,9.18242098835248E-9
3062.5,9.08825195475148E-9
3093.75,8.90416442599567E-9
3125,8.81399721644347E-9
3156.25,8.84409768420308E-9
3187.5,8.91000794764433E-9
3218.75,8.9431926858935E-9
3250,8.96883175243205E-9
3281.25,9.03161284181568E-9
3312.5,9.075267011785E-9
3343.75,8.98597050082995E-9
3375,8.76841494450558E-9
3406.25,8.64479982376843E-9
3437.5,8.8092244123036E-9
3468.75,9.05482863180203E-9
3500,8.99527149610907E-9
3531.25,8.71899416796415E-9
3562.5,8.58877362307361E-9
3593.75,8.54150922229819E-9
3625,8.39854604656727E-9
3656.25,8.27121183688243E-9
3687.5,8.35280187095265E-9
3718.75,8.54677398905691E-9
3750,8.57549132134517E-9
3781.25,8.50156661601094E-9
3812.5,8.52686178704042E-9
3843.75,8.66345239533517E-9
3875,8.66765774647663E-9
3906.25,8.54309725447948E-9
3937.5,8.55958656598539E-9
3968.75,8.59315055572541E-9
4000,8.48510224549379E-9
4031.25,8.46483817994031E-9
4062.5,8.54167074640653E-9
4093.75,8.45466694635046E-9
4125,8.26136501107769E-9
4156.25,8.23661051496908E-9
4187.5,8.32601922668437E-9
4218.75,8.40685492554397E-9
4250,8.47095558159264E-9
4281.25,8.49218223524615E-9
4312.5,8.46099906752252E-9
4343.75,8.34975321821278E-9
4375,8.2436635185478E-9
4406.25,8.21760825576198E-9
4437.5,8.15330675986357E-9
4468.75,8.00240448936824E-9
4500,7.97578558003153E-9
4531.25,8.1525031871949E-9
4562.5,8.22586140136846E-9
4593.75,8.07750419551759E-9
4625,7.89551792628734E-9
4656.25,7.77032757338521E-9
4687.5,7.64665304923914E-9
4718.75,7.54479794233489E-9
4750,7.51918228730682E-9
4781.25,7.65481359735958E-9
4812.5,7.88922473310846E-9
4843.75,8.06752794906273E-9
4875,8.12094127372036E-9
4906.25,8.10117453856968E-9
4937.5,8.07833275149319E-9
4968.75,7.90584792197696E-9
5000,7.67991587651137E-9
5031.25,7.69406042484893E-9
5062.5,7.84464701201825E-9
5093.75,7.97113919191208E-9
5125,8.12545120974148E-9
5156.25,8.19929584598743E-9
5187.5,8.17091436774548E-9
5218.75,8.15904513575569E-9
5250,8.2019813595126E-9
5281.25,8.22926607155052E-9
5312.5,8.11935268904552E-9
5343.75,7.91877702996139E-9
5375,7.88250058774629E-9
5406.25,7.99266003722245E-9
5437.5,7.92870180664729E-9
5468.75,7.70437095792045E-9
5500,7.65811026796989E-9
5531.25,7.76366840125884E-9
5562.5,7.84885416213017E-9
5593.75,7.90467970863699E-9
5625,7.89281781322144E-9
5656.25,7.81084441965498E-9
5687.5,7.67347314599203E-9
5718.75,7.58962765803259E-9
5750,7.73948673237016E-9
5781.25,7.93492851413891E-9
5812.5,7.86426196828688E-9
5843.75,7.72208332336143E-9
5875,7.75305691201708E-9
5906.25,7.72588704002574E-9
5937.5,7.62542168306514E-9
5968.75,7.71904643922454E-9
6000,7.92069808868833E-9
6031.25,8.12023565638765E-9
6062.5,8.14277920649236E-9
6093.75,7.84030511803591E-9
6125,7.58500441853667E-9
6156.25,7.67299635552674E-9
6187.5,7.86338778318249E-9
6218.75,7.87618484301279E-9
6250,7.75742091038847E-9
6281.25,7.65549414019089E-9
6312.5,7.59448777254744E-9
6343.75,7.52594943764346E-9
6375,7.48300851159252E-9
6406.25,7.512668326404E-9
6437.5,7.60654099181964E-9
6468.75,7.71821186155358E-9
6500,7.71824389281683E-9
6531.25,7.5747959328312E-9
6562.5,7.3735941566721E-9
6593.75,7.30689195745687E-9
6625,7.32103852154047E-9
6656.25,7.32802619920138E-9
6687.5,7.41746826051963E-9
6718.75,7.62791822230967E-9
6750,7.7344040210803E-9
6781.25,7.62154977712647E-9
6812.5,7.54147553194992E-9
6843.75,7.6797263623212E-9
6875,7.80230585674612E-9
6906.25,7.72103940005759E-9
6937.5,7.66474903827574E-9
6968.75,7.80929206784278E-9
7000,8.0337089256326E-9
7031.25,8.0896096439012E-9
7062.5,7.89059156471356E-9
7093.75,7.70190463670675E-9
7125,7.70244926753663E-9
7156.25,7.72622122121492E-9
7187.5,7.69807741539551E-9
7218.75,7.77570116348441E-9
7250,7.83035945394837E-9
7281.25,7.72713311395122E-9
7312.5,7.56053743429368E-9
7343.75,7.45900645149013E-9
7375,7.51651647948655E-9
7406.25,7.71637500786253E-9
7437.5,7.85596038831846E-9
7468.75,7.85464971892865E-9
7500,7.68734296704798E-9
7531.25,7.43795220321857E-9
7562.5,7.35767831347932E-9
7593.75,7.50203692659297E-9
7625,7.62633647853685E-9
7656.25,7.68048620812676E-9
7687.5,7.78628947396275E-9
7718.75,7.88180802601621E-9
7750,7.91517155263645E-9
7781.25,7.85034408764971E-9
7812.5,7.7343589100819E-9
7843.75,7.71910352093686E-9
7875,7.7488654186604E-9
7906.25,7.6642857523749E-9
7937.5,7.54920626904092E-9
7968.75,7.53354816953468E-9
8000,7.61032124417812E-9
8031.25,7.76163475514024E-9
8062.5,7.77329851211369E-9
8093.75,7.58113790612735E-9
8125,7.34333137549497E-9
8156.25,7.24305318114103E-9
8187.5,7.32293533446085E-9
8218.75,7.40486012994455E-9
8250,7.44825214882182E-9
8281.25,7.4350566944017E-9
8312.5,7.31925453528607E-9
8343.75,7.36360025613783E-9
8375,7.51425197494643E-9
8406.25,7.49728255546866E-9
8437.5,7.43055113183612E-9
8468.75,7.38113364445776E-9
8500,7.34524116051932E-9
8531.25,7.36028029703827E-9
8562.5,7.38500957140114E-9
8593.75,7.4741151712584E-9
8625,7.69848117459452E-9
8656.25,8.00820045685474E-9
8687.5,8.10625650762553E-9
8718.75,7.8817177203856E-9
8750,7.68143857011172E-9
8781.25,7.69839519301181E-9
8812.5,7.70559386101518E-9
8843.75,7.56905371685406E-9
8875,7.43737238742317E-9
8906.25,7.40138412508872E-9
8937.5,7.43054737539058E-9
8968.75,7.40878957537993E-9
9000,7.40068829716132E-9
9031.25,7.46145740087471E-9
9062.5,7.53500915550839E-9
9093.75,7.67846480553543E-9
9125,7.7656262903678E-9
9156.25,7.62616837773891E-9
9187.5,7.41528401426301E-9
9218.75,7.33462042067744E-9
9250,7.36726187636964E-9
9281.25,7.36534886830693E-9
9312.5,7.33481232791527E-9
9343.75,7.44934313180734E-9
9375,7.55414834252813E-9
9406.25,7.50806010132733E-9
9437.5,7.38036404987823E-9
9468.75,7.29569454711585E-9
9500,7.29386308698918E-9
9531.25,7.37031467731899E-9
9562.5,7.51052663257052E-9
9593.75,7.60450491480067E-9
9625,7.55317069219794E-9
9656.25,7.37396187800643E-9
9687.5,7.21705055389729E-9
9718.75,7.26110420060343E-9
9750,7.43920710972094E-9
9781.25,7.5166424715922E-9
9812.5,7.47022809489913E-9
9843.75,7.50508059813606E-9
9875,7.61279837933393E-9
9906.25,7.60798717458491E-9
9937.5,7.58042438668232E-9
9968.75,7.64061726949175E-9
10000,7.75195003270217E-9
10031.25,7.78688811604753E-9
10062.5,7.65796837891742E-9
10093.75,7.42204516089656E-9
10125,7.19756872071609E-9
10156.25,7.1183478850515E-9
10187.5,7.2878445366351E-9
10218.75,7.5594150252234E-9
10250,7.70484140785486E-9
10281.25,7.69674400493828E-9
10312.5,7.72378923904103E-9
10343.75,7.67445287690003E-9
10375,7.49741153004282E-9
10406.25,7.42900465732385E-9
10437.5,7.47055876719444E-9
10468.75,7.56169817178463E-9
10500,7.56297261558719E-9
10531.25,7.35477749650554E-9
10562.5,7.1567044975131E-9
10593.75,7.05069890020415E-9
10625,7.1417952850929E-9
10656.25,7.3779123736932E-9
10687.5,7.45154950183122E-9
10718.75,7.40348468141241E-9
10750,7.40271660249242E-9
10781.25,7.38431274048563E-9
10812.5,7.3475482568899E-9
10843.75,7.37434931748499E-9
10875,7.32155729396072E-9
10906.25,7.23926924927183E-9
10937.5,7.28883671298893E-9
10968.75,7.33241910842536E-9
11000,7.26056353443554E-9
11031.25,7.04190568311443E-9
11062.5,6.90623883048408E-9
11093.75,7.09457063972252E-9
11125,7.37124950193592E-9
11156.25,7.43715444219729E-9
11187.5,7.31740499492932E-9
11218.75,7.19764517308271E-9
11250,7.23698025377627E-9
11281.25,7.28854375189008E-9
11312.5,7.22324622910315E-9
11343.75,7.18060224633271E-9
11375,7.28914361198738E-9
11406.25,7.33877167270786E-9
11437.5,7.27752467808149E-9
11468.75,7.32720939519848E-9
11500,7.39045452160558E-9
11531.25,7.43980205762251E-9
11562.5,7.5327909704284E-9
11593.75,7.57815345925011E-9
11625,7.60051847655865E-9
11656.25,7.57502465710671E-9
11687.5,7.40152069687398E-9
11718.75,7.25968750937151E-9
11750,7.24514047721337E-9
11781.25,7.30091036349099E-9
11812.5,7.35686073656056E-9
11843.75,7.35319827518773E-9
11875,7.33998758067502E-9
11906.25,7.32990869181209E-9
11937.5,7.31666929878052E-9
11968.75,7.29825060718613E-9
12000,7.24849831973057E-9
12031.25,7.10797548061087E-9
12062.5,6.85825824785514E-9
12093.75,6.70547789514786E-9
12125,6.82065827922338E-9
12156.25,7.12293784834826E-9
12187.5,7.36095475529235E-9
12218.75,7.36155765240637E-9
12250,7.25120492062422E-9
12281.25,7.15092125462185E-9
12312.5,7.18089822292245E-9
12343.75,7.33311135465168E-9
12375,7.33985801294045E-9
12406.25,7.21358548370011E-9
12437.5,7.16003949083642E-9
12468.75,7.19144989802614E-9
12500,7.33464352592238E-9
12531.25,7.49300253224371E-9
12562.5,7.44115525292429E-9
12593.75,7.29895674707381E-9
12625,7.37314015775779E-9
12656.25,7.47863074489374E-9
12687.5,7.34504545414576E-9
12718.75,7.13636623380986E-9
12750,7.03816941042543E-9
12781.25,6.95659695526143E-9
12812.5,6.91781359373314E-9
12843.75,7.02811952337847E-9
12875,7.14692981529066E-9
12906.25,7.18057003801282E-9
12937.5,7.16791125505253E-9
12968.75,7.1778218030554E-9
13000,7.28446815556696E-9
13031.25,7.39707098524417E-9
13062.5,7.33283810736911E-9
13093.75,7.17817122274727E-9
13125,7.17672204771549E-9
13156.25,7.25929120374653E-9
13187.5,7.23243537495421E-9
13218.75,7.12878714283336E-9
13250,7.07290966185495E-9
13281.25,7.09883249812505E-9
13312.5,7.2293381398205E-9
13343.75,7.34089693513446E-9
13375,7.30499889366452E-9
13406.25,7.18363001624008E-9
13437.5,7.02985714074465E-9
13468.75,6.99816503241904E-9
13500,7.20233131617132E-9
13531.25,7.43619975076007E-9
13562.5,7.51120856913311E-9
13593.75,7.36048453710561E-9
13625,7.14795019816438E-9
13656.25,7.07487384523971E-9
13687.5,7.16070858622981E-9
13718.75,7.30318723866114E-9
13750,7.26854532263891E-9
13781.25,7.16906909544107E-9
13812.5,7.27584346868227E-9
13843.75,7.39562507475225E-9
13875,7.33301075733389E-9
13906.25,7.23952922897574E-9
13937.5,7.19981181686263E-9
13968.75,7.17021368007393E-9
14000,7.07816768034257E-9
14031.25,6.98014840205475E-9
14062.5,7.04533350485202E-9
14093.75,7.16385914901092E-9
14125,7.22872531844966E-9
14156.25,7.27570261962199E-9
14187.5,7.23872640137893E-9
14218.75,7.20792532937674E-9
14250,7.35671520538934E-9
14281.25,7.51428301833985E-9
14312.5,7.42222110816873E-9
14343.75,7.2660013130494E-9
14375,7.24617564544317E-9
14406.25,7.28426725823096E-9
14437.5,7.31145790724866E-9
14468.75,7.27341933356715E-9
14500,7.16040592785158E-9
14531.25,7.12148219304858E-9
14562.5,7.19314223985904E-9
14593.75,7.22252109316198E-9
14625,7.1903411358456E-9
14656.25,7.11223379166369E-9
14687.5,7.04823099183001E-9
14718.75,7.09225293483555E-9
14750,7.23001295546141E-9
14781.25,7.31011970486819E-9
14812.5,7.25728572482144E-9
14843.75,7.12301202281558E-9
14875,7.02323822473904E-9
14906.25,7.07733246309681E-9
14937.5,7.07940412795742E-9
14968.75,7.00318508727324E-9
15000,7.08464325556037E-9
15031.25,7.25868585526362E-9
15062.5,7.28470353231807E-9
15093.75,7.16523301516673E-9
15125,7.11888226830358E-9
15156.25,7.14547821049692E-9
15187.5,7.15116353620452E-9
15218.75,7.14219392306787E-9
15250,7.16813432700529E-9
15281.25,7.21324994116367E-9
15312.5,7.21485178124058E-9
15343.75,7.159706172796E-9
15375,7.07933766382882E-9
15406.25,6.98944920567257E-9
15437.5,6.95279476709803E-9
15468.75,7.01898699230827E-9
15500,7.10136311750689E-9
15531.25,7.15644457348829E-9
15562.5,7.25795986489503E-9
15593.75,7.30928753417392E-9
15625,7.2806674102731E-9
15656.25,7.21836402715212E-9
15687.5,7.09717947060335E-9
15718.75,7.04701934721973E-9
15750,7.1287980501672E-9
15781.25,7.10497327696682E-9
15812.5,6.98603106406662E-9
15843.75,6.91353444726701E-9
15875,6.82410257534262E-9
15906.25,6.86099384068168E-9
15937.5,7.05999289311167E-9
15968.75,7.1566373583424E-9
16000,7.11838793717855E-9
16031.25,7.08529639681142E-9
16062.5,7.05869203580415E-9
16093.75,7.00257639057091E-9
16125,7.02288847765673E-9
16156.25,7.12018528948636E-9
16187.5,7.24213567046592E-9
16218.75,7.36603801985778E-9
16250,7.32350107011108E-9
16281.25,7.16809483098075E-9
16312.5,7.07278591328563E-9
16343.75,6.99216996971806E-9
16375,6.98491024578267E-9
16406.25,7.13063276182896E-9
16437.5,7.24677351017036E-9
16468.75,7.20019810501669E-9
16500,7.11391751287268E-9
16531.25,7.08106637310398E-9
16562.5,7.05968281037236E-9
16593.75,6.97476189394225E-9
16625,6.92278938836312E-9
16656.25,6.98025694098635E-9
16687.5,7.0443288248865E-9
16718.75,7.07336263644151E-9
16750,7.11056509334837E-9
16781.25,7.0781006412472E-9
16812.5,7.11339312704291E-9
16843.75,7.19510796119961E-9
16875,7.12421298188271E-9
16906.25,7.09629367144271E-9
16937.5,7.19805235135553E-9
16968.75,7.37531742164698E-9
17000,7.42710272047717E-9
17031.25,7.31208997066507E-9
17062.5,7.20670761222182E-9
17093.75,7.121138950971E-9
17125,7.12109387472204E-9
17156.25,7.16584458888572E-9
17187.5,7.18892575310614E-9
17218.75,7.31047071011638E-9
17250,7.35448526446626E-9
17281.25,7.21346857073304E-9
17312.5,7.06149990461681E-9
17343.75,6.94612365928308E-9
17375,6.9293399624179E-9
17406.25,7.04711525663811E-9
17437.5,7.20201490438475E-9
17468.75,7.22175033213421E-9
17500,7.17339953522317E-9
17531.25,7.28308201540003E-9
17562.5,7.40253669030054E-9
17593.75,7.36722101226173E-9
17625,7.29232207404585E-9
17656.25,7.25248884142009E-9
17687.5,7.24614648004831E-9
17718.75,7.27105115056813E-9
17750,7.24992242246819E-9
17781.25,7.20840688223328E-9
17812.5,7.23129843321592E-9
17843.75,7.21419351113227E-9
17875,7.11815938495192E-9
17906.25,7.11239385622008E-9
17937.5,7.21135247780926E-9
17968.75,7.29762308241675E-9
18000,7.37109208317528E-9
18031.25,7.31609567694228E-9
18062.5,7.12749184819103E-9
18093.75,7.06278387201181E-9
18125,7.18105453584208E-9
18156.25,7.26520882014983E-9
18187.5,7.11534333298285E-9
18218.75,6.85338455019741E-9
18250,6.70092986392152E-9
18281.25,6.6974984317011E-9
18312.5,6.84383911797862E-9
18343.75,7.10059352500619E-9
18375,7.25611036265712E-9
18406.25,7.29866555801277E-9
18437.5,7.30637459965736E-9
18468.75,7.20790762664833E-9
18500,7.10414598216828E-9
18531.25,7.03980117610953E-9
18562.5,7.01087322931065E-9
18593.75,7.17940461049058E-9
18625,7.32589420928446E-9
18656.25,7.18999341676662E-9
18687.5,6.95163446070135E-9
18718.75,6.84059712463315E-9
18750,6.86987815514523E-9
18781.25,7.02240527567926E-9
18812.5,7.18886113356751E-9
18843.75,7.29939350888503E-9
18875,7.26420188921042E-9
18906.25,7.12709938143362E-9
18937.5,7.11426867001446E-9
18968.75,7.11922925984637E-9
19000,7.06411276393124E-9
19031.25,7.02430439164857E-9
19062.5,7.03492883319904E-9
19093.75,7.0135851138507E-9
19125,6.92580838484707E-9
19156.25,6.9016569904536E-9
19187.5,7.05918094451108E-9
19218.75,7.22639766830879E-9
19250,7.20178097772228E-9
19281.25,7.02725566046816E-9
19312.5,6.90018210341024E-9
19343.75,6.97438227271731E-9
19375,7.11265062476178E-9
19406.25,7.17107311076425E-9
19437.5,7.14107081248183E-9
19468.75,7.07245383922594E-9
19500,7.04213387898409E-9
19531.25,7.07095339174756E-9
19562.5,7.04957393980047E-9
19593.75,6.90387522793966E-9
19625,6.83946617414426E-9
19656.25,6.93683058334745E-9
19687.5,7.00702622923079E-9
19718.75,7.0290899304044E-9
19750,7.02537777535549E-9
19781.25,7.0253868566967E-9
19812.5,7.07767247742515E-9
19843.75,7.09139575996138E-9
19875,7.09306109765892E-9
19906.25,7.11414283836262E-9
19937.5,7.05808304149357E-9
19968.75,6.91858622750083E-9
20000,6.80311524114687E-9
20031.25,6.8335775462883E-9
20062.5,7.00713008386518E-9
20093.75,7.2647252692077E-9
20125,7.40822927635625E-9
20156.25,7.35914387114985E-9
20187.5,7.20705895110036E-9
20218.75,6.97576030204095E-9
20250,6.86309740087309E-9
20281.25,6.91571831614998E-9
20312.5,6.95966431047352E-9
20343.75,6.98365992304027E-9
20375,7.01216845702991E-9
20406.25,7.05714656784861E-9
20437.5,7.11441299533805E-9
20468.75,7.13229872180496E-9
20500,7.12543052698426E-9
20531.25,7.0252929210063E-9
20562.5,6.90157205938084E-9
20593.75,6.99629130786956E-9
20625,7.21601286531637E-9
20656.25,7.3232239249983E-9
20687.5,7.32012206993089E-9
20718.75,7.18974634299116E-9
20750,7.0124502191242E-9
20781.25,6.93753500087131E-9
20812.5,6.97381223035246E-9
20843.75,6.99443874500777E-9
20875,6.97479448094588E-9
20906.25,7.08963638548423E-9
20937.5,7.32359308650318E-9
20968.75,7.4337753400036E-9
21000,7.38228883114782E-9
21031.25,7.37554043796655E-9
21062.5,7.38908232763991E-9
21093.75,7.24985944662552E-9
21125,7.02610396179795E-9
21156.25,7.02710897763152E-9
21187.5,7.12188476748776E-9
21218.75,7.18405602793773E-9
21250,7.20456296710249E-9
21281.25,7.10868958325552E-9
21312.5,7.07741274964336E-9
21343.75,7.14815408990962E-9
21375,7.09793791675109E-9
21406.25,7.01781461803135E-9
21437.5,7.03308021114616E-9
21468.75,7.00399783410715E-9
21500,6.90718652740897E-9
21531.25,6.88141875743482E-9
21562.5,6.86510506023358E-9
21593.75,6.79600003459443E-9
21625,6.75639223718592E-9
21656.25,6.78904917051803E-9
21687.5,6.81626607638134E-9
21718.75,6.7929377289504E-9
21750,6.81321580592828E-9
21781.25,6.80015523913052E-9
21812.5,6.72444843211758E-9
21843.75,6.80011536499021E-9
21875,7.04192663440827E-9
21906.25,7.23426502375185E-9
21937.5,7.20325417369107E-9
21968.75,7.07998847849934E-9
22000,7.07282481398039E-9
22031.25,7.07380120771644E-9
22062.5,7.0679470278817E-9
22093.75,7.11850753204898E-9
22125,7.04159140622619E-9
22156.25,6.80939416576187E-9
22187.5,6.74705118440135E-9
22218.75,6.91816548277388E-9
22250,7.05494995776998E-9
22281.25,7.02402367276695E-9
22312.5,6.93241621434121E-9
22343.75,6.94465764177122E-9
22375,6.99539415869058E-9
22406.25,6.95356408743729E-9
22437.5,6.83116136802753E-9
22468.75,6.79711885801042E-9
22500,6.88374372975663E-9
22531.25,6.97552393261706E-9
22562.5,7.06432951782718E-9
22593.75,7.08638867688834E-9
22625,7.00761661521741E-9
22656.25,6.98749467846658E-9
22687.5,7.09919226500053E-9
22718.75,7.22757786240838E-9
22750,7.22567643566119E-9
22781.25,7.16419477847104E-9
22812.5,7.13213994259973E-9
22843.75,7.05178296822305E-9
22875,6.92123690725643E-9
22906.25,6.87259258700953E-9
22937.5,6.9067619129135E-9
22968.75,6.98220635558217E-9
23000,7.05254629641095E-9
23031.25,7.14113726043002E-9
23062.5,7.20287718379453E-9
23093.75,7.26706039644945E-9
23125,7.37747593639604E-9
23156.25,7.41395998066017E-9
23187.5,7.33450054406177E-9
23218.75,7.23682873033445E-9
23250,7.15653790206473E-9
23281.25,6.9896120820394E-9
23312.5,6.78701225674378E-9
23343.75,6.73048112182548E-9
23375,6.74527766198086E-9
23406.25,6.78839895184353E-9
23437.5,6.94669913082891E-9
23468.75,7.10839733153641E-9
23500,7.16214541252746E-9
23531.25,7.09818734355225E-9
23562.5,6.989521373778E-9
23593.75,6.88910155893131E-9
23625,6.8566184618707E-9
23656.25,6.96230135558185E-9
23687.5,6.97607440088938E-9
23718.75,7.0283779523695E-9
23750,7.2105772048981E-9
23781.25,7.17669732281191E-9
23812.5,7.00464767904436E-9
23843.75,6.90393182988212E-9
23875,6.8562913299848E-9
23906.25,6.86709268032423E-9
23937.5,6.85098292382986E-9
23968.75,6.77148401188781E-9
24000,6.70302059855107E-9
24031.25,6.64441859346119E-9
24062.5,6.6341581057181E-9
24093.75,6.71304605104603E-9
24125,6.70546362324297E-9
24156.25,6.62155162326123E-9
24187.5,6.60787962967308E-9
24218.75,6.75140543421931E-9
24250,6.94357579971538E-9
24281.25,6.94609438214947E-9
24312.5,6.88236407828315E-9
24343.75,6.89298429203895E-9
24375,6.95511537249547E-9
24406.25,7.04632446005521E-9
24437.5,7.03077881693992E-9
24468.75,6.93837038010664E-9
24500,6.84933353675234E-9
24531.25,6.87695809240667E-9
24562.5,6.99442876834112E-9
24593.75,6.99160023697535E-9
24625,7.001418638943E-9
24656.25,7.2193431067155E-9
24687.5,7.36355476881288E-9
24718.75,7.20175578516696E-9
24750,6.97308088409801E-9
24781.25,6.88477358112724E-9
24812.5,6.92825227527282E-9
24843.75,7.10120196202676E-9
24875,7.24318282899269E-9
24906.25,7.20138674565694E-9
24937.5,7.03891523744189E-9
24968.75,6.90457116857961E-9
25000,6.81348267863832E-9
25031.25,6.79950989435024E-9
25062.5,6.97925546247111E-9
25093.75,7.1580510481328E-9
25125,7.05664847709491E-9
25156.25,6.90698677999371E-9
25187.5,6.88956169895648E-9
25218.75,6.89660466224421E-9
25250,6.93254850800275E-9
25281.25,6.95321140921606E-9
25312.5,6.99551272121524E-9
25343.75,7.13219193758786E-9
25375,7.18862039987315E-9
25406.25,7.10703632361356E-9
25437.5,7.08606596250952E-9
25468.75,7.0878602594683E-9
25500,7.02122921277672E-9
25531.25,7.01053338790192E-9
25562.5,7.00389023241254E-9
25593.75,6.92687371738366E-9
25625,6.96846974938266E-9
25656.25,7.08952333419159E-9
25687.5,7.05159664705731E-9
25718.75,6.92806781192078E-9
25750,6.80427450270025E-9
25781.25,6.70754016341494E-9
25812.5,6.74713421910136E-9
25843.75,6.81956465980352E-9
25875,6.79891140767392E-9
25906.25,6.80381357629864E-9
25937.5,6.85196095930391E-9
25968.75,6.87667628736164E-9
26000,6.96521334640968E-9
26031.25,7.06857858318045E-9
26062.5,7.1190536657557E-9
26093.75,7.13139156413914E-9
26125,6.99011238255597E-9
26156.25,6.83224145862792E-9
26187.5,6.94277148676691E-9
26218.75,7.11152116632835E-9
26250,7.14368582643235E-9
26281.25,7.13231493497561E-9
26312.5,7.09199233539697E-9
26343.75,6.95732172381624E-9
26375,6.81414162218351E-9
26406.25,6.75768018415094E-9
26437.5,6.80460794429421E-9
26468.75,6.84072186751527E-9
26500,6.84181210509314E-9
26531.25,6.9587856463835E-9
26562.5,7.14965952911767E-9
26593.75,7.25296661087035E-9
26625,7.12241552626661E-9
26656.25,6.93216427421255E-9
26687.5,6.99676121081307E-9
26718.75,7.07569526401686E-9
26750,7.00743737075459E-9
26781.25,7.08372858776396E-9
26812.5,7.29824213855626E-9
26843.75,7.38463214073356E-9
26875,7.30282277885024E-9
26906.25,7.15240520503496E-9
26937.5,7.02093474031232E-9
26968.75,6.9367049820114E-9
27000,7.03572431111857E-9
27031.25,7.20132777510062E-9
27062.5,7.23438077385305E-9
27093.75,7.17242168937829E-9
27125,7.06927212892489E-9
27156.25,6.99842485241687E-9
27187.5,7.07729527744032E-9
27218.75,7.19395043168295E-9
27250,7.18779025054403E-9
27281.25,7.13058522915165E-9
27312.5,7.00820638249383E-9
27343.75,6.78938600276984E-9
27375,6.58683899619937E-9
27406.25,6.55680547833309E-9
27437.5,6.73168872881974E-9
27468.75,6.99475713572389E-9
27500,7.1431390639731E-9
27531.25,7.1264623811838E-9
27562.5,7.02501905298763E-9
27593.75,6.93252435021818E-9
27625,6.88443185899977E-9
27656.25,6.91505924909457E-9
27687.5,7.04721767174404E-9
27718.75,7.12284743842473E-9
27750,7.10131370436865E-9
27781.25,7.09049967795133E-9
27812.5,7.09389727356537E-9
27843.75,7.12644531539619E-9
27875,7.12267893141793E-9
27906.25,7.0387866424478E-9
27937.5,6.98109063508957E-9
27968.75,7.03883819402712E-9
28000,7.12167312479212E-9
28031.25,7.06890660861965E-9
28062.5,6.95455980508988E-9
28093.75,7.00333995769158E-9
28125,7.07648024273081E-9
28156.25,7.02394305981144E-9
28187.5,6.99592311443865E-9
28218.75,7.02114657999521E-9
28250,7.00844620130156E-9
28281.25,6.95231185538671E-9
28312.5,6.89870198799612E-9
28343.75,6.91629660584569E-9
28375,6.97874809849213E-9
28406.25,6.94352038235452E-9
28437.5,6.7797922238484E-9
28468.75,6.71858689455775E-9
28500,6.80430937125935E-9
28531.25,6.80817105725944E-9
28562.5,6.90508167296079E-9
28593.75,7.14572346675678E-9
28625,7.18848810384596E-9
28656.25,7.10074542856404E-9
28687.5,7.11398561573227E-9
28718.75,7.12252105744898E-9
28750,7.05786609576229E-9
28781.25,6.954143243758E-9
28812.5,6.82901439611128E-9
28843.75,6.812319716033E-9
28875,7.01519275656266E-9
28906.25,7.19927236331213E-9
28937.5,7.17588996623571E-9
28968.75,7.05120080426531E-9
29000,6.90410885234983E-9
29031.25,6.8331358113368E-9
29062.5,6.92300595916596E-9
29093.75,6.99726043030575E-9
29125,6.98064224056385E-9
29156.25,6.89765340483524E-9
29187.5,6.85237383983953E-9
29218.75,6.87100177855241E-9
29250,6.87569712800464E-9
29281.25,6.84854959666897E-9
29312.5,6.81181689418045E-9
29343.75,6.85272297944117E-9
29375,6.90799152021982E-9
29406.25,6.83767405083906E-9
29437.5,6.80401225024842E-9
29468.75,6.86677417714721E-9
29500,6.90217002123986E-9
29531.25,6.89376317913092E-9
29562.5,6.84015263675818E-9
29593.75,6.81307036760564E-9
29625,6.82788415509956E-9
29656.25,6.89044253539252E-9
29687.5,6.99313766759421E-9
29718.75,7.06398293419414E-9
29750,7.05575391615074E-9
29781.25,6.97538502254432E-9
29812.5,6.94345491464331E-9
29843.75,7.02942150034141E-9
29875,7.04588106586121E-9
29906.25,6.94724843924337E-9
29937.5,6.82202673740707E-9
29968.75,6.71377097872582E-9
30000,6.66535045079482E-9
30031.25,6.80948200326007E-9
30062.5,7.03199581159398E-9
30093.75,7.0821260865187E-9
30125,7.09826992211596E-9
30156.25,7.27699591712685E-9
30187.5,7.32723116330818E-9
30218.75,7.14772538055162E-9
30250,7.02322317915976E-9
30281.25,6.95481638069172E-9
30312.5,6.85537033355032E-9
30343.75,6.88063528557525E-9
30375,7.05524611900184E-9
30406.25,7.17896943572144E-9
30437.5,7.10556113653403E-9
30468.75,6.86791804871125E-9
30500,6.74215357988653E-9
30531.25,6.8453203195001E-9
30562.5,7.04552027462945E-9
30593.75,7.2465041607452E-9
30625,7.33435266635366E-9
30656.25,7.20254280326308E-9
30687.5,7.06645662701384E-9
30718.75,7.05987795510557E-9
30750,7.01780723148099E-9
30781.25,6.93669204810623E-9
30812.5,6.90275984397283E-9
30843.75,6.91866806802301E-9
30875,6.94894028881233E-9
30906.25,6.95521283588566E-9
30937.5,6.94745506439558E-9
30968.75,6.93930018518342E-9
31000,6.957765030592E-9
31031.25,6.91914180188422E-9
31062.5,6.82927247709697E-9
31093.75,6.88454740931208E-9
31125,7.09412379702768E-9
31156.25,7.20992932911482E-9
31187.5,7.10528446978444E-9
31218.75,6.9898650891137E-9
31250,6.93470798887885E-9
31281.25,6.84372317166709E-9
31312.5,6.82707906181248E-9
31343.75,6.88205062740866E-9
31375,6.97461925254685E-9
31406.25,7.04805532617404E-9
31437.5,7.04053550303254E-9
31468.75,6.95481724070576E-9
31500,6.82439619231142E-9
31531.25,6.706504797912E-9
31562.5,6.64535772546376E-9
31593.75,6.62215831120445E-9
31625,6.60088290052255E-9
31656.25,6.66826773830621E-9
31687.5,6.82272664354349E-9
31718.75,6.91657391405995E-9
31750,6.96421199484875E-9
31781.25,6.92156903499663E-9
31812.5,6.77068634657615E-9
31843.75,6.80412096170923E-9
31875,6.96418365261511E-9
31906.25,6.98765560312323E-9
31937.5,6.95857993070952E-9
31968.75,6.93930564411604E-9
32000,6.98075762636591E-9
32031.25,7.08498123060989E-9
32062.5,7.03405248478251E-9
32093.75,6.89362262153676E-9
32125,6.83266224208645E-9
32156.25,6.80832187135645E-9
32187.5,6.85437824096662E-9
32218.75,6.90183840434659E-9
32250,6.80877839308598E-9
32281.25,6.8003167856447E-9
32312.5,6.9070263258221E-9
32343.75,6.91075704824641E-9
32375,6.95488374813554E-9
32406.25,7.10292759552273E-9
32437.5,7.18248507134362E-9
32468.75,7.25812550586784E-9
32500,7.30952538482827E-9
32531.25,7.28497858504775E-9
32562.5,7.26015299666521E-9
32593.75,7.31074752055082E-9
32625,7.41960618264708E-9
32656.25,7.36289056770982E-9
32687.5,7.14175927258336E-9
32718.75,7.07006712673963E-9
32750,7.08438209477083E-9
32781.25,7.01307454766706E-9
32812.5,6.89208266298811E-9
32843.75,6.76653101926989E-9
32875,6.75249769160877E-9
32906.25,6.85636141021803E-9
32937.5,6.96073133566311E-9
32968.75,7.08075130019568E-9
33000,7.19415634533232E-9
33031.25,7.17591858366156E-9
33062.5,7.01526778604914E-9
33093.75,6.93035785990196E-9
33125,7.04738062751848E-9
33156.25,7.19796759369501E-9
33187.5,7.12199002659238E-9
33218.75,6.90030172401745E-9
33250,6.83753846359206E-9
33281.25,6.83652891013076E-9
33312.5,6.79233279260977E-9
33343.75,6.80864135193339E-9
33375,6.80556071194661E-9
33406.25,6.82715440645134E-9
33437.5,6.94580160402606E-9
33468.75,7.00639424771069E-9
33500,6.95415987228655E-9
33531.25,6.88450570716739E-9
33562.5,6.8893180311487E-9
33593.75,6.99892224405659E-9
33625,7.04668860531949E-9
33656.25,6.92514912646656E-9
33687.5,6.92048502409136E-9
33718.75,7.15134419653011E-9
33750,7.25512717626521E-9
33781.25,7.11404727207987E-9
33812.5,6.8765240730432E-9
33843.75,6.72883330846626E-9
33875,6.81430430003588E-9
33906.25,7.0335439712544E-9
33937.5,7.16268376534702E-9
33968.75,7.20189863409398E-9
34000,7.24861686811901E-9
34031.25,7.25632660182425E-9
34062.5,7.19982150893358E-9
34093.75,7.1154612978311E-9
34125,7.05634107285776E-9
34156.25,6.9873060723344E-9
34187.5,6.92276606051874E-9
34218.75,6.89139327253644E-9
34250,6.86952379260286E-9
34281.25,6.82255744525885E-9
34312.5,6.8300443262767E-9
34343.75,7.04985364129334E-9
34375,7.23209133385103E-9
34406.25,7.20241408476489E-9
34437.5,7.18000386990327E-9
34468.75,7.12634739615273E-9
34500,6.91859458449994E-9
34531.25,6.77028939282878E-9
34562.5,6.83968101082771E-9
34593.75,6.91135306153505E-9
34625,6.94523007705225E-9
34656.25,7.07291332635816E-9
34687.5,7.17284475331603E-9
34718.75,7.09900241371456E-9
34750,7.06659487541342E-9
34781.25,7.09266335250755E-9
34812.5,7.00822402069284E-9
34843.75,7.01808592632086E-9
34875,7.17786568976949E-9
34906.25,7.2662216480377E-9
34937.5,7.24112250233575E-9
34968.75,7.08215142310245E-9
35000,7.01664659419372E-9
35031.25,7.15391699567799E-9
35062.5,7.21556856963277E-9
35093.75,7.15317591257054E-9
35125,7.08755786589268E-9
35156.25,7.02140214215163E-9
35187.5,6.96554538089537E-9
35218.75,7.04608281792332E-9
35250,7.22541485377515E-9
35281.25,7.31388742618379E-9
35312.5,7.26151468459639E-9
35343.75,7.07301564979664E-9
35375,6.84447154431083E-9
35406.25,6.78906532240241E-9
35437.5,6.95473037875135E-9
35468.75,7.17201694782698E-9
35500,7.26384507997157E-9
35531.25,7.11282245268079E-9
35562.5,6.85314774197094E-9
35593.75,6.6427104131424E-9
35625,6.59248198334264E-9
35656.25,6.76216085807961E-9
35687.5,7.10572163198295E-9
35718.75,7.32230638549156E-9
35750,7.22597939525084E-9
35781.25,7.05300284026686E-9
35812.5,6.92673325600285E-9
35843.75,6.82728523547667E-9
35875,6.87884374361634E-9
35906.25,6.99664979338188E-9
35937.5,7.08863489075937E-9
35968.75,7.2096284604717E-9
36000,7.199856400281E-9
36031.25,7.01815155010145E-9
36062.5,6.7645397878969E-9
36093.75,6.67994265286936E-9
36125,6.8511738277655E-9
36156.25,6.96758876197318E-9
36187.5,6.9648400749514E-9
36218.75,7.03057917794819E-9
36250,7.04903599936361E-9
36281.25,6.98392399386234E-9
36312.5,7.01082915039244E-9
36343.75,7.14959567012858E-9
36375,7.17365745528648E-9
36406.25,7.01888104067633E-9
36437.5,6.91348455680596E-9
36468.75,6.93466860090866E-9
36500,7.01420536196094E-9
36531.25,7.01977234797261E-9
36562.5,6.85455741577475E-9
36593.75,6.74604109330745E-9
36625,6.86063901925084E-9
36656.25,6.88628072085206E-9
36687.5,6.75624203448787E-9
36718.75,6.77803020986004E-9
36750,6.926354744455E-9
36781.25,6.9826726379378E-9
36812.5,6.98498902574727E-9
36843.75,7.0998802929486E-9
36875,7.2011303724945E-9
36906.25,7.14721798081895E-9
36937.5,7.03817847526163E-9
36968.75,6.8566190434246E-9
37000,6.74135481006483E-9
37031.25,6.87516414227596E-9
37062.5,7.0322413399665E-9
37093.75,6.9655906050575E-9
37125,6.85023700882684E-9
37156.25,6.97819384117908E-9
37187.5,7.15558171404974E-9
37218.75,7.1584028254773E-9
37250,7.14052887566801E-9
37281.25,7.13712777873482E-9
37312.5,7.13845763354543E-9
37343.75,7.23413246005133E-9
37375,7.38237363314863E-9
37406.25,7.33639713753137E-9
37437.5,7.10529934159769E-9
37468.75,7.05498415259286E-9
37500,7.20812697144949E-9
37531.25,7.31287901888946E-9
37562.5,7.2323543282833E-9
37593.75,7.09835137622064E-9
37625,7.02585821894624E-9
37656.25,6.91943196226433E-9
37687.5,6.85171711823984E-9
37718.75,6.89923460026274E-9
37750,6.99805762593964E-9
37781.25,7.07588545888466E-9
37812.5,7.14147032843324E-9
37843.75,7.13000083092928E-9
37875,7.06031934073261E-9
37906.25,7.10744027731611E-9
37937.5,7.17108923626959E-9
37968.75,7.09525490087346E-9
38000,7.03327637746647E-9
38031.25,7.15121539287609E-9
38062.5,7.20516511486849E-9
38093.75,7.10969526367414E-9
38125,7.15722738145015E-9
38156.25,7.31320590093458E-9
38187.5,7.2980380689231E-9
38218.75,7.18898621206269E-9
38250,7.14427747730412E-9
38281.25,6.97418873798107E-9
38312.5,6.74755794610622E-9
38343.75,6.75045211142243E-9
38375,6.87851216155604E-9
38406.25,6.8747970018489E-9
38437.5,6.71485629355152E-9
38468.75,6.62691594890472E-9
38500,6.76651245640317E-9
38531.25,7.01053253472284E-9
38562.5,7.13737443929027E-9
38593.75,7.04871044343965E-9
38625,6.91361202189305E-9
38656.25,6.94285218070359E-9
38687.5,6.99813141465312E-9
38718.75,7.00254649530992E-9
38750,7.05688664966336E-9
38781.25,6.9962408676549E-9
38812.5,6.84632566444764E-9
38843.75,6.81133306139859E-9
38875,6.80217238962329E-9
38906.25,6.82144396327618E-9
38937.5,6.91011857040525E-9
38968.75,6.92133859246376E-9
39000,6.84442988928434E-9
39031.25,6.78891525523296E-9
39062.5,6.7803547601414E-9
39093.75,6.74964132671557E-9
39125,6.67930718504836E-9
39156.25,6.71425679386292E-9
39187.5,6.65816138687468E-9
39218.75,6.4472501492474E-9
39250,6.56422370077845E-9
39281.25,6.9051599200136E-9
39312.5,7.05266333276125E-9
39343.75,7.00774435966341E-9
39375,6.83826214762532E-9
39406.25,6.64595264042212E-9
39437.5,6.71928897049656E-9
39468.75,6.97700861132984E-9
39500,7.16117271180867E-9
39531.25,7.19060732090612E-9
39562.5,7.09284353522999E-9
39593.75,7.02616979445094E-9
39625,6.9478198001869E-9
39656.25,6.81660185623422E-9
39687.5,6.85976859739626E-9
39718.75,6.99156202501002E-9
39750,6.96769205986326E-9
39781.25,6.86136201026966E-9
39812.5,6.80666683325668E-9
39843.75,6.80020390872021E-9
39875,6.88747519516575E-9
39906.25,7.03126796522465E-9
39937.5,7.11057686980922E-9
39968.75,7.08487373321692E-9
40000,6.98778000333216E-9
40031.25,6.92199245315091E-9
40062.5,6.92570417437953E-9
40093.75,6.76692289012692E-9
40125,6.52863067045443E-9
40156.25,6.51281271411919E-9
40187.5,6.62963843632064E-9
40218.75,6.8716090738992E-9
40250,7.12430057596189E-9
40281.25,7.12642321374166E-9
40312.5,6.92250253681691E-9
40343.75,6.78446929524135E-9
40375,6.80157501661677E-9
40406.25,6.82921262886823E-9
40437.5,6.8185331466989E-9
40468.75,6.8989935860234E-9
40500,7.0040818078262E-9
40531.25,6.95356380071429E-9
40562.5,6.78289367940526E-9
40593.75,6.58347529125094E-9
40625,6.53331420907348E-9
40656.25,6.66977776681859E-9
40687.5,6.74973614481918E-9
40718.75,6.75595017726136E-9
40750,6.85796753425554E-9
40781.25,6.94725733573069E-9
40812.5,6.86425989326875E-9
40843.75,6.70878785929261E-9
40875,6.68079352990506E-9
40906.25,6.76215142323478E-9
40937.5,6.85377698217857E-9
40968.75,6.8760761085001E-9
41000,6.80197776551466E-9
41031.25,6.737715823574E-9
41062.5,6.74904432606617E-9
41093.75,6.74607448960828E-9
41125,6.82072434096556E-9
41156.25,6.93728870716049E-9
41187.5,6.9448990808604E-9
41218.75,6.967235649033E-9
41250,6.95599507345107E-9
41281.25,6.89683419671841E-9
41312.5,6.8661330612343E-9
41343.75,6.81737981916661E-9
41375,6.67705823583126E-9
41406.25,6.58170100918827E-9
41437.5,6.63826504487683E-9
41468.75,6.67790052362859E-9
41500,6.74651837871842E-9
41531.25,6.79688771609074E-9
41562.5,6.74640992115945E-9
41593.75,6.7036737450476E-9
41625,6.73047282747912E-9
41656.25,6.82518465935101E-9
41687.5,6.86465576965089E-9
41718.75,6.85967675345704E-9
41750,6.92868880938272E-9
41781.25,6.96411322595939E-9
41812.5,6.88289534780843E-9
41843.75,6.74392792388015E-9
41875,6.616749751971E-9
41906.25,6.691843000515E-9
41937.5,6.91081734428004E-9
41968.75,6.97826384002105E-9
42000,6.84050560621224E-9
42031.25,6.69011057136489E-9
42062.5,6.756031627058E-9
42093.75,6.90896639129421E-9
42125,6.94012098804083E-9
42156.25,6.85893643477656E-9
42187.5,6.76939763440776E-9
42218.75,6.80866712056581E-9
42250,6.82055070829169E-9
42281.25,6.68702601129194E-9
42312.5,6.54657304367187E-9
42343.75,6.55348781207522E-9
42375,6.62316140725584E-9
42406.25,6.61941437432847E-9
42437.5,6.69747193765892E-9
42468.75,6.77257685808303E-9
42500,6.67831013388736E-9
42531.25,6.59411246984373E-9
42562.5,6.59308922944202E-9
42593.75,6.70923451248554E-9
42625,6.92093501149352E-9
42656.25,6.94258281436523E-9
42687.5,6.76711704930945E-9
42718.75,6.65251866803475E-9
42750,6.63568941692413E-9
42781.25,6.68090842432141E-9
42812.5,6.85723720732756E-9
42843.75,7.03850281874951E-9
42875,7.13271158710123E-9
42906.25,7.17877836150302E-9
42937.5,7.07652588490182E-9
42968.75,6.83851084165916E-9
43000,6.70437619315776E-9
43031.25,6.75058531300193E-9
43062.5,6.83676862696142E-9
43093.75,6.8901355286439E-9
43125,6.90771502197221E-9
43156.25,6.86998669496979E-9
43187.5,6.88772790154602E-9
43218.75,6.92481947374023E-9
43250,6.80140998234175E-9
43281.25,6.6835012300107E-9
43312.5,6.75337928228415E-9
43343.75,6.80083277058423E-9
43375,6.80065218030863E-9
43406.25,6.93534362803036E-9
43437.5,7.10321333591277E-9
43468.75,7.11380232507072E-9
43500,6.95989864035789E-9
43531.25,6.84655571973505E-9
43562.5,6.82136884784286E-9
43593.75,6.81344902750192E-9
43625,6.75927642561625E-9
43656.25,6.75023295809315E-9
43687.5,6.93020509850361E-9
43718.75,6.98691372102857E-9
43750,6.74426346219255E-9
43781.25,6.56185357735057E-9
43812.5,6.53933602505581E-9
43843.75,6.51303710121728E-9
43875,6.55168075991907E-9
43906.25,6.65933749915309E-9
43937.5,6.78255093964258E-9
43968.75,6.86588798118425E-9
44000,6.824867413836E-9
44031.25,6.78965381212919E-9
44062.5,6.79592962528297E-9
44093.75,6.71938154646454E-9
44125,6.6880751240446E-9
44156.25,6.73379182330675E-9
44187.5,6.76113680575019E-9
44218.75,6.76984647334202E-9
44250,6.65057903937344E-9
44281.25,6.51148092625885E-9
44312.5,6.57349001417427E-9
44343.75,6.70419151769978E-9
44375,6.78742233207386E-9
44406.25,6.86007173179762E-9
44437.5,6.92621254541827E-9
44468.75,6.92037814058108E-9
44500,6.81256087003917E-9
44531.25,6.69062462578432E-9
44562.5,6.62624711251294E-9
44593.75,6.5366918310091E-9
44625,6.45089752931716E-9
44656.25,6.45561491803976E-9
44687.5,6.56929523488743E-9
44718.75,6.68713632642867E-9
44750,6.74143081704325E-9
44781.25,6.84741442745982E-9
44812.5,6.83959676766791E-9
44843.75,6.6138947493526E-9
44875,6.49713699261312E-9
44906.25,6.55678084838405E-9
44937.5,6.62678657960996E-9
44968.75,6.80998763242436E-9
45000,6.97696803335892E-9
45031.25,6.97616871352437E-9
45062.5,6.8856095704554E-9
45093.75,6.80034082672166E-9
45125,6.73295741582523E-9
45156.25,6.61442798972712E-9
45187.5,6.4767820242672E-9
45218.75,6.43921170518594E-9
45250,6.54906834017623E-9
45281.25,6.75034814738775E-9
45312.5,7.0002404742742E-9
45343.75,7.05416145265589E-9
45375,6.90115981105982E-9
45406.25,6.89913519013386E-9
45437.5,6.96536963357894E-9
45468.75,6.94362518683524E-9
45500,6.83835107208771E-9
45531.25,6.6768375693199E-9
45562.5,6.54772657042251E-9
45593.75,6.47069552354294E-9
45625,6.48444030447742E-9
45656.25,6.55840197063163E-9
45687.5,6.64534842480712E-9
45718.75,6.68916281967867E-9
45750,6.74739631837258E-9
45781.25,6.84397224988854E-9
45812.5,6.81534903231756E-9
45843.75,6.67782349498618E-9
45875,6.61763255521055E-9
45906.25,6.67797008749172E-9
45937.5,6.70919766397959E-9
45968.75,6.69352196202979E-9
46000,6.66499717946232E-9
46031.25,6.57135382079956E-9
46062.5,6.40950579364925E-9
46093.75,6.35742322501045E-9
46125,6.55068497957175E-9
46156.25,6.76399686422551E-9
46187.5,6.77069694739575E-9
46218.75,6.68481813326161E-9
46250,6.62581592847906E-9
46281.25,6.57471008123374E-9
46312.5,6.58317607747674E-9
46343.75,6.67848358372098E-9
46375,6.822302324886E-9
46406.25,6.88562926000929E-9
46437.5,6.82224329223784E-9
46468.75,6.7159821037513E-9
46500,6.68959558333273E-9
46531.25,6.83429523175769E-9
46562.5,7.06339584820052E-9
46593.75,7.19093366143543E-9
46625,7.03975897759582E-9
46656.25,6.75975661078844E-9
46687.5,6.63867229550031E-9
46718.75,6.66982499640733E-9
46750,6.71413771895491E-9
46781.25,6.75975808550609E-9
46812.5,6.80143167446438E-9
46843.75,6.82695290148559E-9
46875,6.84459184726471E-9
46906.25,6.83600541167534E-9
46937.5,6.86267586885692E-9
46968.75,6.92036488806316E-9
47000,6.86252683032221E-9
47031.25,6.81710637238991E-9
47062.5,6.84681284833188E-9
47093.75,6.78500440998379E-9
47125,6.82131594503736E-9
47156.25,6.89701197950583E-9
47187.5,6.81913049600802E-9
47218.75,6.70339119859038E-9
47250,6.63774963880159E-9
47281.25,6.57099215842174E-9
47312.5,6.52994674768662E-9
47343.75,6.60873043265891E-9
47375,6.74130926461658E-9
47406.25,6.81697476307949E-9
47437.5,6.79864601578128E-9
47468.75,6.77279528841101E-9
47500,6.77355414657846E-9
47531.25,6.81193894457206E-9
47562.5,6.93476290166101E-9
47593.75,6.98466248271128E-9
47625,6.79614965195928E-9
47656.25,6.62408820281323E-9
47687.5,6.71067649710906E-9
47718.75,6.91284719611585E-9
47750,7.0214384880139E-9
47781.25,7.08255651461473E-9
47812.5,7.15117859140597E-9
47843.75,7.07303228073908E-9
47875,6.89107386726336E-9
47906.25,6.72692961429773E-9
47937.5,6.62830545657968E-9
47968.75,6.68277630051054E-9
48000,6.79782044879548E-9
48031.25,6.83214428372982E-9
48062.5,6.79343666549758E-9
48093.75,6.72558508724626E-9
48125,6.65490413629451E-9
48156.25,6.66072293726012E-9
48187.5,6.75922274186154E-9
48218.75,6.78511695208419E-9
48250,6.76777343697933E-9
48281.25,6.83404609257853E-9
48312.5,6.91428160757641E-9
48343.75,7.00243346159814E-9
48375,7.11713333030685E-9
48406.25,7.15801372473981E-9
48437.5,7.0442948613699E-9
48468.75,6.90012951591705E-9
48500,6.8274294949331E-9
48531.25,6.77720419084391E-9
48562.5,6.83961688118098E-9
48593.75,6.97062439442296E-9
48625,6.91936569035993E-9
48656.25,6.77723272665542E-9
48687.5,6.8027547631441E-9
48718.75,6.94083684883336E-9
48750,7.00357595768071E-9
48781.25,7.00193973628777E-9
48812.5,7.04523926913048E-9
48843.75,7.08204951318134E-9
48875,7.04051709623608E-9
48906.25,6.93500727264351E-9
48937.5,6.87967349825616E-9
48968.75,6.94280738276202E-9
49000,6.98232971071031E-9
49031.25,7.00095673772466E-9
49062.5,7.12283568225129E-9
49093.75,7.22010087009094E-9
49125,7.10506195006895E-9
49156.25,6.75455918187003E-9
49187.5,6.54978493415561E-9
49218.75,6.68436060217831E-9
49250,6.88512542135815E-9
49281.25,6.95904349866747E-9
49312.5,6.93224020233852E-9
49343.75,6.95456295859048E-9
49375,6.99641612446453E-9
49406.25,6.92692725314387E-9
49437.5,6.82634250956976E-9
49468.75,6.87781474362504E-9
49500,6.87824636264608E-9
49531.25,6.70967994736625E-9
49562.5,6.64788582133475E-9
49593.75,6.78231812539764E-9
49625,6.99084679535964E-9
49656.25,7.03829348435715E-9
49687.5,6.84698814451224E-9
49718.75,6.76095987342388E-9
49750,6.85973807976806E-9
49781.25,6.87402785739288E-9
49812.5,6.8143765675482E-9
49843.75,6.78850086466738E-9
49875,6.79678064895912E-9
49906.25,6.702460793028E-9
49937.5,6.59204012221435E-9
49968.75,6.63460707855107E-9
50000,6.67301550739383E-9
50031.25,6.67684951356674E-9
50062.5,6.73393068378516E-9
50093.75,6.7393987403572E-9
50125,6.64995335775298E-9
50156.25,6.62051726527372E-9
50187.5,6.79493530924082E-9
50218.75,6.95184095549064E-9
50250,6.9371924289454E-9
50281.25,6.91237447301673E-9
50312.5,6.89429964319384E-9
50343.75,6.91079945747327E-9
50375,6.97022052072141E-9
50406.25,7.02489559603723E-9
50437.5,6.98270947091815E-9
50468.75,6.84699455059995E-9
50500,6.75720870307119E-9
50531.25,6.81894512742183E-9
50562.5,6.91886488475191E-9
50593.75,6.85903468347146E-9
50625,6.69923549772258E-9
50656.25,6.65607004075723E-9
50687.5,6.74097594537892E-9
50718.75,6.82525272207525E-9
50750,6.91574743358682E-9
50781.25,7.0198734579051E-9
50812.5,7.0520922674528E-9
50843.75,6.95065725563409E-9
50875,6.7635526483309E-9
50906.25,6.66938138379707E-9
50937.5,6.78685509379988E-9
50968.75,7.03416075883558E-9
51000,7.18906136904747E-9
51031.25,7.11157976016936E-9
51062.5,6.88895830151784E-9
51093.75,6.74259003907185E-9
51125,6.76907689071748E-9
51156.25,6.77808109734078E-9
51187.5,6.68465081294473E-9
51218.75,6.73795491331624E-9
51250,6.99347407803172E-9
51281.25,7.16733379465981E-9
51312.5,7.09880244651489E-9
51343.75,6.96747716419369E-9
51375,6.95248793278204E-9
51406.25,6.97914347990007E-9
51437.5,6.99356273944402E-9
51468.75,6.94963171660923E-9
51500,6.84723244515831E-9
51531.25,6.84864158982931E-9
51562.5,6.93170264782109E-9
51593.75,6.94533686517255E-9
51625,6.93587716345641E-9
51656.25,6.99752427279701E-9
51687.5,7.14009496152198E-9
51718.75,7.28825406168974E-9
51750,7.26939641917974E-9
51781.25,7.06943880667878E-9
51812.5,6.89917593690062E-9
51843.75,6.76143433650584E-9
51875,6.68964893173461E-9
51906.25,6.76285192466931E-9
51937.5,6.89123415038315E-9
51968.75,7.00406558247421E-9
52000,7.04867140966084E-9
52031.25,6.97370845132776E-9
52062.5,6.8567051128578E-9
52093.75,6.77805521242722E-9
52125,6.78125183986292E-9
52156.25,6.85169238447294E-9
52187.5,6.80935434572276E-9
52218.75,6.70203510726891E-9
52250,6.74099576162402E-9
52281.25,6.89371979746318E-9
52312.5,7.03749291407676E-9
52343.75,7.11440318691364E-9
52375,7.16369327657312E-9
52406.25,7.19320183186312E-9
52437.5,7.08108495605485E-9
52468.75,6.95785959140748E-9
52500,6.97807127008702E-9
52531.25,6.9419828767197E-9
52562.5,6.87394925595978E-9
52593.75,6.86774473828722E-9
52625,6.8580832397445E-9
52656.25,6.83404550910375E-9
52687.5,6.85415455675133E-9
52718.75,6.87861505804916E-9
52750,6.84452339426936E-9
52781.25,6.88731279819952E-9
52812.5,6.94133721811393E-9
52843.75,6.86548549662436E-9
52875,6.77777341344953E-9
52906.25,6.79151526513241E-9
52937.5,7.00771818504456E-9
52968.75,7.27618297495685E-9
53000,7.23488729655887E-9
53031.25,6.93600967855436E-9
53062.5,6.68782411516979E-9
53093.75,6.63372953971742E-9
53125,6.7324282330125E-9
53156.25,6.89603194909381E-9
53187.5,6.92814004386521E-9
53218.75,6.78222170503677E-9
53250,6.69332060420364E-9
53281.25,6.80711848682929E-9
53312.5,6.94661962961811E-9
53343.75,6.9576684626147E-9
53375,6.83754371218067E-9
53406.25,6.74043881421805E-9
53437.5,6.76402103439285E-9
53468.75,6.85912246661789E-9
53500,6.95069827404778E-9
53531.25,6.93015446498073E-9
53562.5,6.87142134905752E-9
53593.75,6.92157566010599E-9
53625,7.02760575761052E-9
53656.25,7.14772705415799E-9
53687.5,7.295360048204E-9
53718.75,7.31662787961265E-9
53750,7.1081608849324E-9
53781.25,6.83594824729927E-9
53812.5,6.73782649240538E-9
53843.75,6.8736925623625E-9
53875,7.08084478173485E-9
53906.25,7.13865369704042E-9
53937.5,7.1545601902387E-9
53968.75,7.18290421174213E-9
54000,7.09519111422475E-9
54031.25,6.92411261084541E-9
54062.5,6.84702163081356E-9
54093.75,6.95722142424732E-9
54125,6.93165461390115E-9
54156.25,6.75876700270408E-9
54187.5,6.72171985355763E-9
54218.75,6.76091416515366E-9
54250,6.73157973615099E-9
54281.25,6.76157380875519E-9
54312.5,6.92959948581312E-9
54343.75,7.08334551794756E-9
54375,7.13944264456541E-9
54406.25,7.03146843529906E-9
54437.5,6.87407716410619E-9
54468.75,6.92415752973848E-9
54500,7.04837695223319E-9
54531.25,7.09518858522686E-9
54562.5,7.09506410121646E-9
54593.75,7.02885450341771E-9
54625,6.90561899002694E-9
54656.25,6.80555016543335E-9
54687.5,6.74740281901429E-9
54718.75,6.76009991637555E-9
54750,6.85993164642363E-9
54781.25,6.93641496932323E-9
54812.5,7.03818357422686E-9
54843.75,7.10960496578012E-9
54875,7.02046389946682E-9
54906.25,6.96938981738999E-9
54937.5,7.09776207682415E-9
54968.75,7.20618195514468E-9
55000,7.19131654507777E-9
55031.25,7.17337229743373E-9
55062.5,7.16873564100794E-9
55093.75,7.07321070855947E-9
55125,6.94121715575481E-9
55156.25,6.90515212422154E-9
55187.5,6.89276677795509E-9
55218.75,6.78989753295715E-9
55250,6.71015684786486E-9
55281.25,6.71716590099332E-9
55312.5,6.72588004068557E-9
55343.75,6.70597352766654E-9
55375,6.8385639029904E-9
55406.25,7.03269013006677E-9
55437.5,6.91430352229098E-9
55468.75,6.65825601051611E-9
55500,6.63731860124438E-9
55531.25,6.88897132504217E-9
55562.5,7.18002302982856E-9
55593.75,7.27437263988101E-9
55625,7.20913869247119E-9
55656.25,7.1729834528155E-9
55687.5,7.09693562699482E-9
55718.75,6.96690226423338E-9
55750,6.92823702341904E-9
55781.25,6.94719678199508E-9
55812.5,6.92202528857865E-9
55843.75,6.79602878485353E-9
55875,6.7016082044595E-9
55906.25,6.73730479427407E-9
55937.5,6.77575782676633E-9
55968.75,6.70708002070109E-9
56000,6.69480979397527E-9
56031.25,6.79225852936558E-9
56062.5,6.86322957822004E-9
56093.75,6.92025022391359E-9
56125,6.91180335501095E-9
56156.25,6.90285746892712E-9
56187.5,6.97895150559789E-9
56218.75,6.94460223304337E-9
56250,6.76421085563122E-9
56281.25,6.70907374453538E-9
56312.5,6.84870359718009E-9
56343.75,6.951569069406E-9
56375,6.97107915337236E-9
56406.25,6.93146506362733E-9
56437.5,6.87674355052038E-9
56468.75,6.97656024022391E-9
56500,7.05104274368536E-9
56531.25,6.94013276644424E-9
56562.5,6.82475056094305E-9
56593.75,6.78838514797164E-9
56625,6.80299244631382E-9
56656.25,6.82964615173786E-9
56687.5,6.89559161280017E-9
56718.75,7.02275277564096E-9
56750,6.98561181288677E-9
56781.25,6.76450943012301E-9
56812.5,6.58705511075465E-9
56843.75,6.55630252250953E-9
56875,6.7001181451734E-9
56906.25,6.957042027698E-9
56937.5,7.09815981715086E-9
56968.75,6.98266235893187E-9
57000,6.76609757777659E-9
57031.25,6.73356502157003E-9
57062.5,6.84951371675948E-9
57093.75,6.92537800275405E-9
57125,6.9418378385351E-9
57156.25,6.93795284674626E-9
57187.5,6.89052702495321E-9
57218.75,6.86509576686712E-9
57250,6.93907952578571E-9
57281.25,7.03364941855242E-9
57312.5,7.00994239431856E-9
57343.75,6.91850755594544E-9
57375,6.90125745864812E-9
57406.25,6.90953226134241E-9
57437.5,6.80388068068565E-9
57468.75,6.69172680413115E-9
57500,6.71780520722256E-9
57531.25,6.80324155046456E-9
57562.5,6.82089913841829E-9
57593.75,6.73941530706907E-9
57625,6.64730427646118E-9
57656.25,6.65696440148728E-9
57687.5,6.73307556568101E-9
57718.75,6.88732727223786E-9
57750,7.01412378342188E-9
57781.25,6.96158111495594E-9
57812.5,6.84105790419561E-9
57843.75,6.75601893748034E-9
57875,6.72530316488367E-9
57906.25,6.80047832832133E-9
57937.5,6.80915494923037E-9
57968.75,6.68734770899804E-9
58000,6.64649200795525E-9
58031.25,6.73058657762374E-9
58062.5,6.7990767958348E-9
58093.75,6.76567766405864E-9
58125,6.75123149533558E-9
58156.25,6.75149845572207E-9
58187.5,6.76907188357888E-9
58218.75,6.80029362403896E-9
58250,6.78700667531838E-9
58281.25,6.77106796562553E-9
58312.5,6.77856465641722E-9
58343.75,6.85377407320281E-9
58375,6.88592575471934E-9
58406.25,6.78364464809856E-9
58437.5,6.72623663546092E-9
58468.75,6.84292372956222E-9
58500,7.01474682612506E-9
58531.25,7.0604546031008E-9
58562.5,6.87789185149508E-9
58593.75,6.57570040418685E-9
58625,6.49413730437511E-9
58656.25,6.71395153026517E-9
58687.5,6.92785053599444E-9
58718.75,6.97344971177253E-9
58750,6.96680067170246E-9
58781.25,7.10595507343766E-9
58812.5,7.230547358139E-9
58843.75,7.03379936642321E-9
58875,6.69473355550499E-9
58906.25,6.62694633527978E-9
58937.5,6.84871465946535E-9
58968.75,7.02927996812408E-9
59000,6.99666033679536E-9
59031.25,6.92853457239112E-9
59062.5,6.82314918259386E-9
59093.75,6.69496345950343E-9
59125,6.69672946648316E-9
59156.25,6.74037788143833E-9
59187.5,6.74447778409557E-9
59218.75,6.85183816691717E-9
59250,6.94698498326113E-9
59281.25,6.85731948928889E-9
59312.5,6.79290515005426E-9
59343.75,6.82802022605162E-9
59375,6.83731714443852E-9
59406.25,6.78991926185923E-9
59437.5,6.62288054363423E-9
59468.75,6.45515071609349E-9
59500,6.48786057965641E-9
59531.25,6.55918076945581E-9
59562.5,6.55136426912661E-9
59593.75,6.61097427727046E-9
59625,6.728272094727E-9
59656.25,6.75910563900509E-9
59687.5,6.74877372352036E-9
59718.75,6.8065766161117E-9
59750,6.87513978285489E-9
59781.25,6.856413461048E-9
59812.5,6.7585227492649E-9
59843.75,6.64765938778524E-9
59875,6.63881734997591E-9
59906.25,6.7929497625572E-9
59937.5,6.92946828673057E-9
59968.75,6.89323911031343E-9
60000,6.80197688617623E-9
60031.25,6.84792773707465E-9
60062.5,6.84199073478142E-9
60093.75,6.67201094192811E-9
60125,6.52728531036473E-9
60156.25,6.39409566392155E-9
60187.5,6.35165552996073E-9
60218.75,6.41450477041942E-9
60250,6.48706461299957E-9
60281.25,6.63111937769087E-9
60312.5,6.75677289311647E-9
60343.75,6.77692000290669E-9
60375,6.75845755452355E-9
60406.25,6.6814724228001E-9
60437.5,6.58276478776703E-9
60468.75,6.61864959137434E-9
60500,6.7718290782832E-9
60531.25,6.82471375186739E-9
60562.5,6.83348710090177E-9
60593.75,6.92432280572104E-9
60625,6.95475531942355E-9
60656.25,6.80268002750904E-9
60687.5,6.55262435950927E-9
60718.75,6.45490269564973E-9
60750,6.55712140243799E-9
60781.25,6.77494712767197E-9
60812.5,6.94215778012369E-9
60843.75,6.95296653105093E-9
60875,6.87713435965057E-9
60906.25,6.74913294899552E-9
60937.5,6.65586725036298E-9
60968.75,6.63361983920087E-9
61000,6.62160431548528E-9
61031.25,6.5352300667499E-9
61062.5,6.43847444372419E-9
61093.75,6.46066925414633E-9
61125,6.58013834835919E-9
61156.25,6.69219694014344E-9
61187.5,6.74058522811154E-9
61218.75,6.8013616145219E-9
61250,6.77444241481327E-9
61281.25,6.68108807344864E-9
61312.5,6.75540066058134E-9
61343.75,6.77442563945454E-9
61375,6.63482494263815E-9
61406.25,6.55207635191126E-9
61437.5,6.59301090751423E-9
61468.75,6.69781158929273E-9
61500,6.73266810278759E-9
61531.25,6.67827341329315E-9
61562.5,6.67450026623474E-9
61593.75,6.78364611762311E-9
61625,6.8846235729938E-9
61656.25,6.80403569221974E-9
61687.5,6.67550535309184E-9
61718.75,6.74561667989765E-9
61750,6.82816592992304E-9
61781.25,6.7427476423901E-9
61812.5,6.619345399893E-9
61843.75,6.60459999619933E-9
61875,6.56866241783197E-9
61906.25,6.35046638810056E-9
61937.5,6.17317320453228E-9
61968.75,6.34541476209643E-9
62000,6.70880717624683E-9
62031.25,6.8213229597976E-9
62062.5,6.65929468608159E-9
62093.75,6.62087050088661E-9
62125,6.75720398219316E-9
62156.25,6.84443629776645E-9
62187.5,6.8001546527478E-9
62218.75,6.69330749786297E-9
62250,6.66093216485566E-9
62281.25,6.72364904156091E-9
62312.5,6.81251492266474E-9
62343.75,6.80310850067654E-9
62375,6.71846522558846E-9
62406.25,6.65288548830023E-9
62437.5,6.72696962586578E-9
62468.75,6.82796357881735E-9
62500,6.7808331586233E-9
62531.25,6.71444208328565E-9
62562.5,6.630100645816E-9
62593.75,6.50099989365462E-9
62625,6.51161626058403E-9
62656.25,6.65343268421117E-9
62687.5,6.66754952517494E-9
62718.75,6.58542499618068E-9
62750,6.60264598874613E-9
62781.25,6.69486190961748E-9
62812.5,6.7421819683349E-9
62843.75,6.65996379597942E-9
62875,6.5589242198698E-9
62906.25,6.42491837223823E-9
62937.5,6.32538792485873E-9
62968.75,6.45412799508455E-9
63000,6.73085020989089E-9
63031.25,6.94069667002949E-9
63062.5,6.9589821879902E-9
63093.75,6.81054533269126E-9
63125,6.61912280936712E-9
63156.25,6.4941351553246E-9
63187.5,6.54158386208596E-9
63218.75,6.70690968855155E-9
63250,6.78216496924482E-9
63281.25,6.78233605708187E-9
63312.5,6.76894699845325E-9
63343.75,6.81154849270134E-9
63375,6.90250162220126E-9
63406.25,6.89215353640188E-9
63437.5,6.80848263843353E-9
63468.75,6.75269344656531E-9
63500,6.71952011131539E-9
63531.25,6.76063754980212E-9
63562.5,6.81692738310573E-9
63593.75,6.79311823081421E-9
63625,6.74917223812188E-9
63656.25,6.7626095876853E-9
63687.5,6.85304882702112E-9
63718.75,6.94875694849199E-9
63750,7.07904476362457E-9
63781.25,7.15091121746321E-9
63812.5,6.94744961186634E-9
63843.75,6.65173401233905E-9
63875,6.51991159988878E-9
63906.25,6.59256726729638E-9
63937.5,7.03102779058012E-9
63968.75,8.03122234738945E-9
64000,8.66245770320949E-9
64031.25,8.01016901536658E-9
64062.5,7.00617257117024E-9
64093.75,6.6138163723555E-9
64125,6.5341197981808E-9
64156.25,6.57274263780236E-9
64187.5,6.76028070517908E-9
64218.75,6.93418845219111E-9
64250,6.94882781770264E-9
64281.25,6.86253728927236E-9
64312.5,6.76302055306732E-9
64343.75,6.78019067962485E-9
64375,6.83700687733216E-9
64406.25,6.7499789439841E-9
64437.5,6.65685238834004E-9
64468.75,6.66908811694244E-9
64500,6.804033055002E-9
64531.25,7.01969963880636E-9
64562.5,7.05194977662271E-9
64593.75,6.98516741912218E-9
64625,6.97591635291812E-9
64656.25,6.85814748742684E-9
64687.5,6.70759515251912E-9
64718.75,6.59894622242186E-9
64750,6.57526802800292E-9
64781.25,6.67271642444478E-9
64812.5,6.78644145878916E-9
64843.75,6.87627907339754E-9
64875,6.93684006802418E-9
64906.25,6.88315198786201E-9
64937.5,6.71464043232164E-9
64968.75,6.55107332756451E-9
65000,6.54668237554344E-9
65031.25,6.64148002312336E-9
65062.5,6.65113062168788E-9
65093.75,6.60625706799226E-9
65125,6.58339715779187E-9
65156.25,6.63684337617766E-9
65187.5,6.73937241103489E-9
65218.75,6.83824523726882E-9
65250,6.95183378563547E-9
65281.25,6.9870355663018E-9
65312.5,6.8886367573648E-9
65343.75,6.81513167332356E-9
65375,6.85742095932337E-9
65406.25,6.89017054141468E-9
65437.5,6.75428791472334E-9
65468.75,6.58741528592431E-9
65500,6.58121692090031E-9
65531.25,6.64343671354111E-9
65562.5,6.64728808005318E-9
65593.75,6.63951975321511E-9
65625,6.67806204204424E-9
65656.25,6.74425666290347E-9
65687.5,6.76541273666302E-9
65718.75,6.86426076462849E-9
65750,6.98214410610218E-9
65781.25,6.91768793532418E-9
65812.5,6.80048067374027E-9
65843.75,6.78517689541752E-9
65875,6.75864546707202E-9
65906.25,6.7221122605502E-9
65937.5,6.85371443892771E-9
65968.75,6.99002852624447E-9
66000,6.94701339566143E-9
66031.25,6.82652855346229E-9
66062.5,6.72736024481984E-9
66093.75,6.660227529553E-9
66125,6.57275750122886E-9
66156.25,6.59447739926723E-9
66187.5,6.79526304765768E-9
66218.75,6.96604025464608E-9
66250,6.9643903478743E-9
66281.25,6.77705503779139E-9
66312.5,6.63381639719577E-9
66343.75,6.76313464017575E-9
66375,6.96051135566735E-9
66406.25,6.96881278645164E-9
66437.5,6.76715564478061E-9
66468.75,6.57950748326581E-9
66500,6.63030121726966E-9
66531.25,6.77315000189965E-9
66562.5,6.78595287871187E-9
66593.75,6.78188745677117E-9
66625,6.84962112391115E-9
66656.25,6.82265241890588E-9
66687.5,6.80070201901314E-9
66718.75,6.84280514546513E-9
66750,6.80495338192961E-9
66781.25,6.82534327657886E-9
66812.5,6.88524559312018E-9
66843.75,6.74006196868129E-9
66875,6.64589684128236E-9
66906.25,6.71698306128216E-9
66937.5,6.69005871672602E-9
66968.75,6.69013977667421E-9
67000,6.86735949157824E-9
67031.25,6.96766716549795E-9
67062.5,6.89024374936049E-9
67093.75,6.80552086947744E-9
67125,6.74265036047684E-9
67156.25,6.61505160637981E-9
67187.5,6.50699033445837E-9
67218.75,6.51266699611982E-9
67250,6.66550718838684E-9
67281.25,6.85385494226891E-9
67312.5,6.89238495471872E-9
67343.75,6.89063900095955E-9
67375,6.86346487664825E-9
67406.25,6.66784405573721E-9
67437.5,6.52553394163365E-9
67468.75,6.7053345800573E-9
67500,6.85685340563068E-9
67531.25,6.80418689099433E-9
67562.5,6.71297477166836E-9
67593.75,6.62783319502935E-9
67625,6.64711321632048E-9
67656.25,6.76405080484611E-9
67687.5,6.83864028726078E-9
67718.75,6.9086899320627E-9
67750,6.95037614390734E-9
67781.25,6.86136375372505E-9
67812.5,6.86221043954587E-9
67843.75,6.9623039328499E-9
67875,6.93556670602457E-9
67906.25,6.83268704474091E-9
67937.5,6.81843840807994E-9
67968.75,6.81466299682965E-9
68000,6.82136621732631E-9
68031.25,6.91016733107376E-9
68062.5,6.97551021322682E-9
68093.75,6.86010050416555E-9
68125,6.69199077556546E-9
68156.25,6.6314194347493E-9
68187.5,6.66054752823131E-9
68218.75,6.74168870203891E-9
68250,6.86142651782411E-9
68281.25,6.94264484421373E-9
68312.5,6.91208805458212E-9
68343.75,6.92464298072153E-9
68375,6.94125650656541E-9
68406.25,6.71474019848429E-9
68437.5,6.45876153104847E-9
68468.75,6.5092671064768E-9
68500,6.70385843476899E-9
68531.25,6.78986582038067E-9
68562.5,6.81223776855361E-9
68593.75,6.87518618167779E-9
68625,6.88598974262537E-9
68656.25,6.85134115534665E-9
68687.5,6.82408153961213E-9
68718.75,6.76051722743899E-9
68750,6.70995658349712E-9
68781.25,6.74182059812052E-9
68812.5,6.70675599946161E-9
68843.75,6.55202736066038E-9
68875,6.54145829134719E-9
68906.25,6.72712878063594E-9
68937.5,6.85811172974126E-9
68968.75,6.85939830767032E-9
69000,6.82717017615424E-9
69031.25,6.79941254488709E-9
69062.5,6.86133469607736E-9
69093.75,6.95121829770369E-9
69125,6.99379621862189E-9
69156.25,6.98975042413359E-9
69187.5,6.97517922475897E-9
69218.75,7.02253218329573E-9
69250,7.07406360464889E-9
69281.25,7.07983500314779E-9
69312.5,7.05472924174392E-9
69343.75,6.97013528092975E-9
69375,6.85837830897618E-9
69406.25,6.80745383925898E-9
69437.5,6.80049650529702E-9
69468.75,6.80066038906155E-9
69500,6.79894835644184E-9
69531.25,6.81718065741221E-9
69562.5,6.78760826780967E-9
69593.75,6.74745955162156E-9
69625,6.79586302913793E-9
69656.25,6.82525710377244E-9
69687.5,6.77496978736733E-9
69718.75,6.68897921451812E-9
69750,6.68457475687072E-9
69781.25,6.787782743157E-9
69812.5,6.8472507891935E-9
69843.75,6.85521851866027E-9
69875,6.79715493656025E-9
69906.25,6.70929097351333E-9
69937.5,6.69151913531213E-9
69968.75,6.72556018606229E-9
70000,6.71889046386684E-9
70031.25,6.72413147445794E-9
70062.5,6.78772605384745E-9
70093.75,6.83158776302005E-9
70125,6.75155515391414E-9
70156.25,6.68396299595467E-9
70187.5,6.81373959227114E-9
70218.75,6.9878165240739E-9
70250,7.14566487387638E-9
70281.25,7.29024090271213E-9
70312.5,7.32908040022694E-9
70343.75,7.23767391513692E-9
70375,7.07823640884001E-9
70406.25,6.91700570866635E-9
70437.5,6.8280070862711E-9
70468.75,6.80778068214913E-9
70500,6.81169952471487E-9
70531.25,6.8819697999603E-9
70562.5,7.04260412035372E-9
70593.75,7.17235803305178E-9
70625,7.23457589126002E-9
70656.25,7.25708544865156E-9
70687.5,7.1949705195092E-9
70718.75,7.01727850473852E-9
70750,6.85604095450378E-9
70781.25,6.81774215580684E-9
70812.5,6.82800825425262E-9
70843.75,6.83750638879629E-9
70875,6.87582587353021E-9
70906.25,6.98573139764658E-9
70937.5,7.08493817556715E-9
70968.75,6.98463936151549E-9
71000,6.79354672009699E-9
71031.25,6.74849011095398E-9
71062.5,6.82291775365805E-9
71093.75,6.89978710952636E-9
71125,6.93927777478347E-9
71156.25,7.01706626415326E-9
71187.5,7.06364226090821E-9
71218.75,6.96984151030499E-9
71250,6.80535651682646E-9
71281.25,6.77285651829E-9
71312.5,6.95526414694524E-9
71343.75,7.11884305915613E-9
71375,7.12681599748777E-9
71406.25,7.03084063581915E-9
71437.5,6.93787267056872E-9
71468.75,6.86577560150608E-9
71500,6.85499864285872E-9
71531.25,6.92853313359705E-9
71562.5,6.98579447136115E-9
71593.75,6.9990575535354E-9
71625,6.99193928772917E-9
71656.25,6.91573590194332E-9
71687.5,6.8735692880188E-9
71718.75,6.88166183578598E-9
71750,6.77314676393522E-9
71781.25,6.65094776522854E-9
71812.5,6.67355507768872E-9
71843.75,6.72816097241054E-9
71875,6.72610058033329E-9
71906.25,6.7600754372589E-9
71937.5,6.8193790106542E-9
71968.75,6.80871367955209E-9
72000,6.82436960661847E-9
72031.25,6.90101911521161E-9
72062.5,6.98092327591562E-9
72093.75,7.0746441690703E-9
72125,7.104500709239E-9
72156.25,7.02461887430111E-9
72187.5,6.85438900322205E-9
72218.75,6.72660566002366E-9
72250,6.82823746675798E-9
72281.25,7.08235186043672E-9
72312.5,7.21851400479238E-9
72343.75,7.16269963138815E-9
72375,7.07218066984337E-9
72406.25,7.03141938162232E-9
72437.5,7.04569572051647E-9
72468.75,7.0369741661683E-9
72500,7.04403899761464E-9
72531.25,7.10710477293988E-9
72562.5,7.06416582409345E-9
72593.75,7.00034471438658E-9
72625,7.14984134285373E-9
72656.25,7.35118776786298E-9
72687.5,7.26041085554126E-9
72718.75,6.99010867464508E-9
72750,6.86528802082388E-9
72781.25,6.90385443527283E-9
72812.5,6.95462459490614E-9
72843.75,6.97779554868956E-9
72875,6.97061667184499E-9
72906.25,6.93779737883439E-9
72937.5,6.91336256878655E-9
72968.75,6.99766872662045E-9
73000,7.15469004832906E-9
73031.25,7.2210211805319E-9
73062.5,7.0778358587817E-9
73093.75,6.98915139738714E-9
73125,7.15718308961941E-9
73156.25,7.32171196544794E-9
73187.5,7.24380708807032E-9
73218.75,7.06032329415801E-9
73250,7.07560030555464E-9
73281.25,7.22995752753586E-9
73312.5,7.27388914993518E-9
73343.75,7.15204532725224E-9
73375,6.89649191581302E-9
73406.25,6.73456751040943E-9
73437.5,6.81491928085369E-9
73468.75,6.84363169505014E-9
73500,6.80082573468925E-9
73531.25,6.87009871555735E-9
73562.5,7.01389780307179E-9
73593.75,7.13293575987131E-9
73625,7.18435102970343E-9
73656.25,7.18552786351727E-9
73687.5,7.15911691096061E-9
73718.75,7.04404522449778E-9
73750,6.89460010267123E-9
73781.25,6.8377192459906E-9
73812.5,6.77783342172931E-9
73843.75,6.7043289095878E-9
73875,6.74868036903319E-9
73906.25,6.8908999819011E-9
73937.5,7.0338206253144E-9
73968.75,7.028521488407E-9
74000,6.88302917259689E-9
74031.25,6.76118870502096E-9
74062.5,6.69741627006031E-9
74093.75,6.72926203948333E-9
74125,6.77479880779438E-9
74156.25,6.81532826210761E-9
74187.5,7.00926914698371E-9
74218.75,7.1566072708748E-9
74250,7.15428095949493E-9
74281.25,7.18767208584533E-9
74312.5,7.15533066565876E-9
74343.75,6.99030718772315E-9
74375,6.8718142016724E-9
74406.25,6.94073975807795E-9
74437.5,7.09539005923422E-9
74468.75,7.16469012324123E-9
74500,7.09061299485849E-9
74531.25,6.98135594542178E-9
74562.5,7.03288318888659E-9
74593.75,7.06049441887836E-9
74625,6.96614557893458E-9
74656.25,6.95556999887197E-9
74687.5,6.95361827787121E-9
74718.75,6.91954174171811E-9
74750,6.92143278677617E-9
74781.25,6.95937640048604E-9
74812.5,6.96774614041932E-9
74843.75,6.94611045588516E-9
74875,6.93772352317136E-9
74906.25,6.94499984546497E-9
74937.5,7.0581268253051E-9
74968.75,7.26109294285595E-9
75000,7.41261500015257E-9
75031.25,7.47993986596217E-9
75062.5,7.42483430717723E-9
75093.75,7.2274415899024E-9
75125,6.9999351500406E-9
75156.25,6.93208978331108E-9
75187.5,7.04301205266393E-9
75218.75,7.16637904710786E-9
75250,7.07104841261408E-9
75281.25,6.84679828864659E-9
75312.5,6.84700270379381E-9
75343.75,7.05212166996416E-9
75375,7.11931355467345E-9
75406.25,6.96372529401226E-9
75437.5,6.83908778865056E-9
75468.75,6.82310242990621E-9
75500,6.81168079224395E-9
75531.25,6.80153046068847E-9
75562.5,6.76021169338417E-9
75593.75,6.76466062817063E-9
75625,6.79494264465138E-9
75656.25,6.75497772068743E-9
75687.5,6.69096492298234E-9
75718.75,6.6742161860231E-9
75750,6.73316173381728E-9
75781.25,6.78652606800143E-9
75812.5,6.84466729041123E-9
75843.75,6.94359073074215E-9
75875,6.96201870939605E-9
75906.25,6.85217220361629E-9
75937.5,6.85021925488559E-9
75968.75,7.03166436304562E-9
76000,7.09847355562514E-9
76031.25,6.94135904741065E-9
76062.5,6.77411926112176E-9
76093.75,6.71430578915948E-9
76125,6.72212531072931E-9
76156.25,6.80542448489249E-9
76187.5,6.89883839613976E-9
76218.75,6.90883451180898E-9
76250,6.85455276194287E-9
76281.25,6.87079314440024E-9
76312.5,7.03246843190378E-9
76343.75,7.11425101448262E-9
76375,7.00304274011813E-9
76406.25,6.76760404320431E-9
76437.5,6.68909933339935E-9
76468.75,6.83284023561136E-9
76500,6.91653067546505E-9
76531.25,6.93714587004565E-9
76562.5,6.97596208145154E-9
76593.75,7.07300324703446E-9
76625,7.16811513530223E-9
76656.25,7.16314108293092E-9
76687.5,7.08215536434066E-9
76718.75,6.98910147617409E-9
76750,6.95232705442568E-9
76781.25,6.95211053667912E-9
76812.5,6.92881081531703E-9
76843.75,6.88573842019116E-9
76875,6.88782081874284E-9
76906.25,6.99786275161974E-9
76937.5,7.04430561650121E-9
76968.75,6.92644138656631E-9
77000,6.76585977720826E-9
77031.25,6.74141839572792E-9
77062.5,6.82420132554402E-9
77093.75,6.84670860030248E-9
77125,6.78070584382305E-9
77156.25,6.75429116172858E-9
77187.5,6.80508522373171E-9
77218.75,6.85798090735153E-9
77250,6.87462444487518E-9
77281.25,6.81585568882065E-9
77312.5,6.75645656659323E-9
77343.75,6.85518158234519E-9
77375,6.94329842134109E-9
77406.25,6.84160870051969E-9
77437.5,6.70467356645725E-9
77468.75,6.62910461492411E-9
77500,6.53914211520207E-9
77531.25,6.55765591500918E-9
77562.5,6.66619990047415E-9
77593.75,6.67001002556188E-9
77625,6.63917171404067E-9
77656.25,6.62554059391785E-9
77687.5,6.65412905029061E-9
77718.75,6.79124694202665E-9
77750,6.89957038784E-9
77781.25,6.85789776115788E-9
77812.5,6.79967673401422E-9
77843.75,6.81715287373879E-9
77875,6.80990536411012E-9
77906.25,6.78659246199185E-9
77937.5,6.87834230651248E-9
77968.75,6.96332760554716E-9
78000,6.93257410365883E-9
78031.25,6.92937765433471E-9
78062.5,7.02258442200621E-9
78093.75,7.07471490448882E-9
78125,6.92422605928317E-9
78156.25,6.73264589298225E-9
78187.5,6.76497126618687E-9
78218.75,6.9124361970867E-9
78250,7.00009151644706E-9
78281.25,6.91339140775611E-9
78312.5,6.7276554167837E-9
78343.75,6.7004270145566E-9
78375,6.77722448952628E-9
78406.25,6.78181895883066E-9
78437.5,6.7947624846769E-9
78468.75,6.93175154428394E-9
78500,6.97460638895096E-9
78531.25,6.95533552315279E-9
78562.5,6.96575833261391E-9
78593.75,6.85856900706595E-9
78625,6.70548057112664E-9
78656.25,6.60193060255193E-9
78687.5,6.50087691257541E-9
78718.75,6.47641323363584E-9
78750,6.51841365117601E-9
78781.25,6.53420340287641E-9
78812.5,6.59752816894555E-9
78843.75,6.69476810116941E-9
78875,6.70107862868958E-9
78906.25,6.60388150072179E-9
78937.5,6.49492166031561E-9
78968.75,6.53235896902743E-9
79000,6.72200578200581E-9
79031.25,6.84368326004509E-9
79062.5,6.85673942401985E-9
79093.75,6.91333199934748E-9
79125,7.0004463897221E-9
79156.25,7.01717536854908E-9
79187.5,6.93668572485492E-9
79218.75,6.74450350226626E-9
79250,6.57794521062833E-9
79281.25,6.51699643018579E-9
79312.5,6.48310145811386E-9
79343.75,6.49444092736391E-9
79375,6.529221869286E-9
79406.25,6.63669166948121E-9
79437.5,6.78705308913734E-9
79468.75,6.69314962401578E-9
79500,6.48430440296117E-9
79531.25,6.55380845928765E-9
79562.5,6.68600983384634E-9
79593.75,6.6755032624293E-9
79625,6.7041168728746E-9
79656.25,6.82166404381106E-9
79687.5,6.87576034119907E-9
79718.75,6.82080004810454E-9
79750,6.72587707639374E-9
79781.25,6.66354860110909E-9
79812.5,6.64368189702888E-9
79843.75,6.65610239079523E-9
79875,6.76524534670902E-9
79906.25,6.92806407080354E-9
79937.5,6.89202856727982E-9
79968.75,6.73275960641287E-9
80000,6.62614962464886E-9
80031.25,6.57432980124898E-9
80062.5,6.58739319171198E-9
80093.75,6.58171888160371E-9
80125,6.56530033264727E-9
80156.25,6.61336387776215E-9
80187.5,6.73536294099639E-9
80218.75,6.87187570979721E-9
80250,6.98417035579922E-9
80281.25,7.04292967545458E-9
80312.5,7.02139050007784E-9
80343.75,6.94582313224961E-9
80375,6.85990723291222E-9
80406.25,6.8040992781603E-9
80437.5,6.84324887836228E-9
80468.75,6.84016021515414E-9
80500,6.65374012503698E-9
80531.25,6.53294159051469E-9
80562.5,6.63571165078684E-9
80593.75,6.81209904093084E-9
80625,6.8391874885546E-9
80656.25,6.75040337848054E-9
80687.5,6.65650345830094E-9
80718.75,6.67432402441471E-9
80750,6.77789460609501E-9
80781.25,6.76332035925908E-9
80812.5,6.68515216486189E-9
80843.75,6.66251058872271E-9
80875,6.64098648232673E-9
80906.25,6.62004023177271E-9
80937.5,6.70797501088256E-9
80968.75,6.74603636461433E-9
81000,6.5816595086466E-9
81031.25,6.44124934042809E-9
81062.5,6.52077785536983E-9
81093.75,6.57676757855146E-9
81125,6.50821429032173E-9
81156.25,6.5394357217519E-9
81187.5,6.63195757922976E-9
81218.75,6.60236666819846E-9
81250,6.56962391149101E-9
81281.25,6.61584302358043E-9
81312.5,6.66878915682396E-9
81343.75,6.79385985236422E-9
81375,6.95174373162479E-9
81406.25,6.93882495427379E-9
81437.5,6.78696408007864E-9
81468.75,6.75422415503141E-9
81500,6.82196741012025E-9
81531.25,6.85388723144961E-9
81562.5,6.86622220548092E-9
81593.75,6.84926134698659E-9
81625,6.83902277886598E-9
81656.25,6.91470950865114E-9
81687.5,6.95619083405906E-9
81718.75,6.8701184495649E-9
81750,6.8123832246515E-9
81781.25,6.77163328764861E-9
81812.5,6.68090394795257E-9
81843.75,6.54771012769922E-9
81875,6.42944830102918E-9
81906.25,6.37564759366229E-9
81937.5,6.40715156340883E-9
81968.75,6.45826575797243E-9
82000,6.44350169103046E-9
82031.25,6.47299368599562E-9
82062.5,6.62583969999751E-9
82093.75,6.74892704660067E-9
82125,6.77409336106938E-9
82156.25,6.71907414186187E-9
82187.5,6.56126866130713E-9
82218.75,6.46302650936996E-9
82250,6.54709562743314E-9
82281.25,6.63228284985867E-9
82312.5,6.61749667746593E-9
82343.75,6.60325954655981E-9
82375,6.59927463072336E-9
82406.25,6.62526795629128E-9
82437.5,6.69798989206408E-9
82468.75,6.69294259511991E-9
82500,6.60087263107208E-9
82531.25,6.5507367200537E-9
82562.5,6.59385969827166E-9
82593.75,6.66897391575912E-9
82625,6.71405783959123E-9
82656.25,6.68902779884154E-9
82687.5,6.54199073129521E-9
82718.75,6.38317640002656E-9
82750,6.46930976230954E-9
82781.25,6.6743114782094E-9
82812.5,6.83125943247686E-9
82843.75,6.95230784054068E-9
82875,7.04363282311975E-9
82906.25,6.97543389862608E-9
82937.5,6.77463871285391E-9
82968.75,6.65261546979152E-9
83000,6.61513328405191E-9
83031.25,6.57613305512154E-9
83062.5,6.55862814187938E-9
83093.75,6.57145940304205E-9
83125,6.52748965192345E-9
83156.25,6.42458446493298E-9
83187.5,6.38626473482627E-9
83218.75,6.50058953873941E-9
83250,6.73290174550041E-9
83281.25,6.87611757181607E-9
83312.5,6.77667434431026E-9
83343.75,6.48786856956021E-9
83375,6.23615555058965E-9
83406.25,6.19521463388301E-9
83437.5,6.27864065042039E-9
83468.75,6.42995125719109E-9
83500,6.59707213940659E-9
83531.25,6.71129295274724E-9
83562.5,6.76842769903453E-9
83593.75,6.68965459438916E-9
83625,6.57072059514584E-9
83656.25,6.48943808754051E-9
83687.5,6.47571315091164E-9
83718.75,6.58512132951786E-9
83750,6.71071719978153E-9
83781.25,6.74938847192707E-9
83812.5,6.75129882704798E-9
83843.75,6.75902865088326E-9
83875,6.77223536259133E-9
83906.25,6.80332595074335E-9
83937.5,6.87750079551477E-9
83968.75,6.97285357360556E-9
84000,6.9735900898938E-9
84031.25,6.87538395314848E-9
84062.5,6.73847892811432E-9
84093.75,6.61084188172295E-9
84125,6.54261607193543E-9
84156.25,6.65122324705806E-9
84187.5,6.82682206609142E-9
84218.75,6.86307677516737E-9
84250,6.84209243214537E-9
84281.25,6.76704869648451E-9
84312.5,6.58531327996381E-9
84343.75,6.38574990793709E-9
84375,6.32739635989369E-9
84406.25,6.45694001087731E-9
84437.5,6.55621250941634E-9
84468.75,6.53955127045518E-9
84500,6.51830017472328E-9
84531.25,6.43804430974179E-9
84562.5,6.37936685315989E-9
84593.75,6.51561745642234E-9
84625,6.69121164252712E-9
84656.25,6.78203738547119E-9
84687.5,6.69570493544761E-9
84718.75,6.4544270133387E-9
84750,6.32302097890924E-9
84781.25,6.42806078146975E-9
84812.5,6.67718215225784E-9
84843.75,6.84054145593063E-9
84875,6.73496479340203E-9
84906.25,6.61692993776144E-9
84937.5,6.63676947592307E-9
84968.75,6.66241303297864E-9
85000,6.71080751723875E-9
85031.25,6.79127512525813E-9
85062.5,6.84888961586409E-9
85093.75,6.8904367483984E-9
85125,6.95347348238221E-9
85156.25,6.98456685751633E-9
85187.5,6.91538677233289E-9
85218.75,6.76430016409165E-9
85250,6.56997290373484E-9
85281.25,6.41123039435959E-9
85312.5,6.38452620796574E-9
85343.75,6.3553991823634E-9
85375,6.3718942478375E-9
85406.25,6.53345916141152E-9
85437.5,6.66275925963356E-9
85468.75,6.70304945017242E-9
85500,6.66279546725926E-9
85531.25,6.59192549357898E-9
85562.5,6.5346235460455E-9
85593.75,6.46498786782767E-9
85625,6.45168466986444E-9
85656.25,6.50138078288474E-9
85687.5,6.57303565343902E-9
85718.75,6.61998993646489E-9
85750,6.61322670639726E-9
85781.25,6.56555481108051E-9
85812.5,6.6444119920636E-9
85843.75,6.79082535389528E-9
85875,6.81905477033318E-9
85906.25,6.7780625661059E-9
85937.5,6.74414787334602E-9
85968.75,6.80169168141475E-9
86000,6.85832452883075E-9
86031.25,6.79839732977713E-9
86062.5,6.69028848336379E-9
86093.75,6.61032192457919E-9
86125,6.66028620211746E-9
86156.25,6.76613942038241E-9
86187.5,6.76823210457947E-9
86218.75,6.68025693189581E-9
86250,6.6708941489492E-9
86281.25,6.76978109314424E-9
86312.5,6.83208708704752E-9
86343.75,6.77665933972418E-9
86375,6.71453324142951E-9
86406.25,6.74045715310217E-9
86437.5,6.79031947230985E-9
86468.75,6.75071467255234E-9
86500,6.61334488497364E-9
86531.25,6.53505800120329E-9
86562.5,6.54859523559073E-9
86593.75,6.61921226816417E-9
86625,6.70630799201809E-9
86656.25,6.73855200881489E-9
86687.5,6.720158896901E-9
86718.75,6.60940466148306E-9
86750,6.41355390618295E-9
86781.25,6.30400281559336E-9
86812.5,6.30996794753363E-9
86843.75,6.30221913486792E-9
86875,6.41376497975353E-9
86906.25,6.58700637966037E-9
86937.5,6.6103888819116E-9
86968.75,6.53853138354395E-9
87000,6.57687792420327E-9
87031.25,6.64941277179751E-9
87062.5,6.62778807273795E-9
87093.75,6.64892971521919E-9
87125,6.73568351411105E-9
87156.25,6.74747934882537E-9
87187.5,6.587244583509E-9
87218.75,6.3897188398561E-9
87250,6.40779566370279E-9
87281.25,6.54973105534611E-9
87312.5,6.65495806238299E-9
87343.75,6.72044934179307E-9
87375,6.79009984396324E-9
87406.25,6.84139683861027E-9
87437.5,6.79007253673377E-9
87468.75,6.67474878916439E-9
87500,6.54731762154708E-9
87531.25,6.46195690339273E-9
87562.5,6.46214263942802E-9
87593.75,6.51378887941186E-9
87625,6.62581833572532E-9
87656.25,6.74459336728808E-9
87687.5,6.75195409491856E-9
87718.75,6.63008470809394E-9
87750,6.45607013091129E-9
87781.25,6.44043615918069E-9
87812.5,6.46873836138126E-9
87843.75,6.47250362355923E-9
87875,6.56503369669032E-9
87906.25,6.60886166379415E-9
87937.5,6.5214905264155E-9
87968.75,6.44825448206229E-9
88000,6.51328841783393E-9
88031.25,6.65407391897185E-9
88062.5,6.79075489093062E-9
88093.75,6.92122711313492E-9
88125,7.01416329370388E-9
88156.25,6.9702385410808E-9
88187.5,6.80807939579734E-9
88218.75,6.69198064592827E-9
88250,6.71207480442111E-9
88281.25,6.80036281543715E-9
88312.5,6.86983055960108E-9
88343.75,6.83105629741246E-9
88375,6.85227491371816E-9
88406.25,6.88067440333491E-9
88437.5,6.77141717532284E-9
88468.75,6.76060540506669E-9
88500,6.81445029717579E-9
88531.25,6.75448656953404E-9
88562.5,6.70682645311798E-9
88593.75,6.74896101945148E-9
88625,6.79081243573983E-9
88656.25,6.80055748576379E-9
88687.5,6.76392081606246E-9
88718.75,6.74394211438474E-9
88750,6.70736270901482E-9
88781.25,6.60716631892385E-9
88812.5,6.58662378264211E-9
88843.75,6.67207160261059E-9
88875,6.82650109989438E-9
88906.25,6.9957504102244E-9
88937.5,7.0260094681619E-9
88968.75,6.86609618363424E-9
89000,6.72033482671556E-9
89031.25,6.67058241766787E-9
89062.5,6.61181231878273E-9
89093.75,6.5787235142543E-9
89125,6.59375931261465E-9
89156.25,6.60421238061808E-9
89187.5,6.64849580394079E-9
89218.75,6.7259099799598E-9
89250,6.77303549476247E-9
89281.25,6.7704492961361E-9
89312.5,6.80573062574077E-9
89343.75,6.83534682575983E-9
89375,6.76544191160089E-9
89406.25,6.65151670209245E-9
89437.5,6.67208714121884E-9
89468.75,6.86453378523159E-9
89500,7.02893676193581E-9
89531.25,6.99992147849476E-9
89562.5,6.90027283034093E-9
89593.75,6.88556324187119E-9
89625,6.78943504321234E-9
89656.25,6.64061570218713E-9
89687.5,6.64236494239827E-9
89718.75,6.69341949667402E-9
89750,6.69656631423128E-9
89781.25,6.78562792263404E-9
89812.5,6.85669319114266E-9
89843.75,6.78040592422154E-9
89875,6.71020290188159E-9
89906.25,6.718080618453E-9
89937.5,6.81052601155596E-9
89968.75,6.9018488037246E-9
90000,6.80344170636738E-9
90031.25,6.6515766504558E-9
90062.5,6.62577259789691E-9
90093.75,6.6335780623628E-9
90125,6.70801483829132E-9
90156.25,6.84032548039334E-9
90187.5,6.91310214744335E-9
90218.75,6.95181371000165E-9
90250,6.95288882200853E-9
90281.25,6.98461452755328E-9
90312.5,7.02099920158943E-9
90343.75,6.92644627994226E-9
90375,6.76892048952165E-9
90406.25,6.7148084899434E-9
90437.5,6.74255573842442E-9
90468.75,6.75985276170544E-9
90500,6.71271786263141E-9
90531.25,6.61802420493939E-9
90562.5,6.67440318445196E-9
90593.75,6.83162657794347E-9
90625,6.91390299108069E-9
90656.25,6.82451977060145E-9
90687.5,6.6272390602518E-9
90718.75,6.58460236922738E-9
90750,6.68155000616731E-9
90781.25,6.74895983778997E-9
90812.5,6.7647693825714E-9
90843.75,6.79757143928556E-9
90875,6.89246768488158E-9
90906.25,6.97989047250703E-9
90937.5,7.00861375666637E-9
90968.75,6.99070134497043E-9
91000,6.8764918901558E-9
91031.25,6.8084395918834E-9
91062.5,6.81126837213648E-9
91093.75,6.76026477944279E-9
91125,6.70238642639582E-9
91156.25,6.68436239180027E-9
91187.5,6.79518353513418E-9
91218.75,6.93199228242743E-9
91250,6.91713944999279E-9
91281.25,6.84748110456441E-9
91312.5,6.8027562285405E-9
91343.75,6.79262279307571E-9
91375,6.75466898440763E-9
91406.25,6.75367213623876E-9
91437.5,6.85768553028893E-9
91468.75,6.8587751062041E-9
91500,6.78054559431388E-9
91531.25,6.89325501806585E-9
91562.5,7.00127084525941E-9
91593.75,6.89993621009391E-9
91625,6.76163012760073E-9
91656.25,6.72669280021863E-9
91687.5,6.81777461601876E-9
91718.75,6.89479124476381E-9
91750,6.83363064592527E-9
91781.25,6.76856525982144E-9
91812.5,6.8046665439407E-9
91843.75,6.92944699541712E-9
91875,7.0053108401479E-9
91906.25,6.95117986375112E-9
91937.5,6.92702281056921E-9
91968.75,6.96550874338418E-9
92000,6.96859105883321E-9
92031.25,6.94826916508612E-9
92062.5,6.91992782885017E-9
92093.75,6.83830967133432E-9
92125,6.69563585360761E-9
92156.25,6.70830878103263E-9
92187.5,6.83050114750218E-9
92218.75,6.96058095946473E-9
92250,7.01383185523244E-9
92281.25,6.90896494842506E-9
92312.5,6.79669675408292E-9
92343.75,6.78799187268071E-9
92375,6.81305017572185E-9
92406.25,6.84420937558515E-9
92437.5,6.89815054792454E-9
92468.75,6.94779827815017E-9
92500,6.96728515459998E-9
92531.25,7.0358557957784E-9
92562.5,7.23595699566902E-9
92593.75,7.31070388610432E-9
92625,7.23033227821947E-9
92656.25,7.15859834270279E-9
92687.5,7.04584569498866E-9
92718.75,6.8938398194101E-9
92750,6.84507769821379E-9
92781.25,6.79689798271338E-9
92812.5,6.70829065146881E-9
92843.75,6.71894951436766E-9
92875,6.80554752880248E-9
92906.25,6.87065327762455E-9
92937.5,6.86402897904057E-9
92968.75,6.87618455049065E-9
93000,6.87804519502854E-9
93031.25,6.84029312719523E-9
93062.5,6.80354896171936E-9
93093.75,6.78737033965353E-9
93125,6.87832549469302E-9
93156.25,6.98967797315153E-9
93187.5,7.003338818951E-9
93218.75,7.0021293719261E-9
93250,7.00381906636239E-9
93281.25,6.93489658803006E-9
93312.5,6.89213907249908E-9
93343.75,6.93518608924768E-9
93375,6.89059588896582E-9
93406.25,6.89846182218842E-9
93437.5,7.09730813125069E-9
93468.75,7.1789969299942E-9
93500,7.05398678260979E-9
93531.25,6.89279859560339E-9
93562.5,6.80727957521113E-9
93593.75,6.7461974338575E-9
93625,6.67985967835152E-9
93656.25,6.61640533638065E-9
93687.5,6.51225400869716E-9
93718.75,6.50259782281271E-9
93750,6.70679761774471E-9
93781.25,6.9084853220214E-9
93812.5,6.93749534156452E-9
93843.75,6.89575526043141E-9
93875,6.86720097384587E-9
93906.25,6.88256714743087E-9
93937.5,6.98061025208304E-9
93968.75,7.09128301787179E-9
94000,7.16018150132773E-9
94031.25,7.10353891998899E-9
94062.5,6.98395168503499E-9
94093.75,6.97047022726573E-9
94125,7.0986305600942E-9
94156.25,7.25991407771159E-9
94187.5,7.34347092742397E-9
94218.75,7.26307760624686E-9
94250,7.08582877073141E-9
94281.25,6.9420945971364E-9
94312.5,6.79743417219274E-9
94343.75,6.70610791001514E-9
94375,6.73201925014477E-9
94406.25,6.75812331097237E-9
94437.5,6.78189245444791E-9
94468.75,6.83783471095673E-9
94500,6.85924861658949E-9
94531.25,6.85166910555193E-9
94562.5,6.85403093100351E-9
94593.75,6.80819184930436E-9
94625,6.79993241005475E-9
94656.25,6.85154543495791E-9
94687.5,6.94042233651455E-9
94718.75,7.07970743302999E-9
94750,7.11615475710183E-9
94781.25,7.1117216169431E-9
94812.5,7.12795645837692E-9
94843.75,6.97973108270611E-9
94875,6.70561674730374E-9
94906.25,6.63925549735571E-9
94937.5,6.82852419055002E-9
94968.75,6.94709432731625E-9
95000,6.89762739054755E-9
95031.25,6.83875952664915E-9
95062.5,6.85254172001832E-9
95093.75,6.91327489758035E-9
95125,7.03488773909268E-9
95156.25,7.12654127494946E-9
95187.5,7.0579152481138E-9
95218.75,6.96821968503116E-9
95250,7.01874156839536E-9
95281.25,7.17061212839731E-9
95312.5,7.25798843342545E-9
95343.75,7.13345591418441E-9
95375,6.95600109252696E-9
95406.25,6.90740705108325E-9
95437.5,6.97057548461805E-9
95468.75,6.99647653717653E-9
95500,6.95595207990035E-9
95531.25,7.04925576232503E-9
95562.5,7.24520129262054E-9
95593.75,7.30084919288265E-9
95625,7.17414658855802E-9
95656.25,6.98715056117975E-9
95687.5,6.82048552182003E-9
95718.75,6.7518259402746E-9
95750,6.72206510173723E-9
95781.25,6.70910791919101E-9
95812.5,6.77572663650829E-9
95843.75,6.90578037908928E-9
95875,7.04029847645048E-9
95906.25,7.08061389135562E-9
95937.5,6.96981891205176E-9
95968.75,6.75763710902223E-9
96000,6.50492455912651E-9
96031.25,6.42488672005979E-9
96062.5,6.54239696571636E-9
96093.75,6.69565014646057E-9
96125,6.89567950883047E-9
96156.25,7.05753925216727E-9
96187.5,7.09733228997677E-9
96218.75,7.047159957337E-9
96250,7.04471543137622E-9
96281.25,7.09311928182869E-9
96312.5,7.09325279442377E-9
96343.75,6.98183542043526E-9
96375,6.83157258720056E-9
96406.25,6.83377623017616E-9
96437.5,6.96784714689466E-9
96468.75,7.05265174229147E-9
96500,7.07317491060572E-9
96531.25,7.09236931595772E-9
96562.5,7.01486875638364E-9
96593.75,6.88156535875531E-9
96625,6.8047356908745E-9
96656.25,6.69180277891815E-9
96687.5,6.57716923995429E-9
96718.75,6.67022613550715E-9
96750,6.80389064372599E-9
96781.25,6.81002891259193E-9
96812.5,6.85265606239552E-9
96843.75,6.96435628079535E-9
96875,6.95493047495798E-9
96906.25,6.83411056623484E-9
96937.5,6.77503305754406E-9
96968.75,6.90533402374312E-9
97000,6.9770729069273E-9
97031.25,6.95221664555642E-9
97062.5,7.0485197981508E-9
97093.75,7.02521260641395E-9
97125,6.88725258587355E-9
97156.25,6.9071492916959E-9
97187.5,6.98655245299789E-9
97218.75,7.01161911633642E-9
97250,7.06313164358289E-9
97281.25,7.13663499078407E-9
97312.5,7.08567907978142E-9
97343.75,6.98150930104772E-9
97375,6.92721392146539E-9
97406.25,6.9487179270796E-9
97437.5,7.04356234167631E-9
97468.75,7.06266982630709E-9
97500,6.94844046704212E-9
97531.25,6.80099019683105E-9
97562.5,6.78227755846163E-9
97593.75,6.91163749119214E-9
97625,6.9910886355823E-9
97656.25,6.95927183321373E-9
97687.5,6.87588299633592E-9
97718.75,6.89815690649943E-9
97750,7.08612701770842E-9
97781.25,7.18334469916633E-9
97812.5,7.13554453458601E-9
97843.75,7.13937338823817E-9
97875,7.13059641333952E-9
97906.25,7.04616034803479E-9
97937.5,7.0262878376634E-9
97968.75,6.9458331787311E-9
98000,6.73613134371178E-9
98031.25,6.65126071650156E-9
98062.5,6.69449202868159E-9
98093.75,6.68431108911413E-9
98125,6.64702443297336E-9
98156.25,6.7497730673964E-9
98187.5,6.89598800346479E-9
98218.75,6.94208770441209E-9
98250,6.94009685661532E-9
98281.25,6.92986043800798E-9
98312.5,6.85737124210153E-9
98343.75,6.81363249733282E-9
98375,6.96384239161502E-9
98406.25,7.14799538397753E-9
98437.5,7.09605401187965E-9
98468.75,7.00268913726403E-9
98500,7.05353623828514E-9
98531.25,7.02333956865028E-9
98562.5,6.85264035134225E-9
98593.75,6.67801397504973E-9
98625,6.58186367667165E-9
98656.25,6.61402979676866E-9
98687.5,6.6962411887668E-9
98718.75,6.7824415884925E-9
98750,6.83730227293419E-9
98781.25,6.80150525128396E-9
98812.5,6.82548261132338E-9
98843.75,6.8769088063493E-9
98875,6.85582488561801E-9
98906.25,6.88406579207312E-9
98937.5,6.93037224404097E-9
98968.75,6.89001746774171E-9
99000,6.91972902547995E-9
99031.25,6.90571801810982E-9
99062.5,6.73882065494276E-9
99093.75,6.62941679288052E-9
99125,6.61178909991974E-9
99156.25,6.64331786981862E-9
99187.5,6.72654193433653E-9
99218.75,6.80450539369853E-9
99250,6.9058274381593E-9
99281.25,7.06518602577615E-9
99312.5,7.11461980982413E-9
99343.75,6.9333517064111E-9
99375,6.66666495822852E-9
99406.25,6.44495703718226E-9
99437.5,6.36434896241608E-9
99468.75,6.42218764310532E-9
99500,6.53323242401939E-9
99531.25,6.66921576883009E-9
99562.5,6.71096141063215E-9
99593.75,6.71597201030001E-9
99625,6.83454494528719E-9
99656.25,6.96069581853024E-9
99687.5,6.95960902122084E-9
99718.75,6.89314944774956E-9
99750,6.7907490189839E-9
99781.25,6.63496497288145E-9
99812.5,6.59045601382066E-9
99843.75,6.65374282182348E-9
99875,6.76545664637018E-9
99906.25,6.91599276474611E-9
99937.5,6.94479515685925E-9
99968.75,6.77496390173946E-9

// End of Data
